4.281610000000000000e+05
4.292280000000000000e+05
4.296280000000000000e+05
4.316960000000000000e+05
4.327620000000000000e+05
4.338280000000000000e+05
4.348950000000000000e+05
4.352950000000000000e+05
4.373620000000000000e+05
4.384290000000000000e+05
4.394960000000000000e+05
4.405620000000000000e+05
4.416290000000000000e+05
4.420290000000000000e+05
4.440970000000000000e+05
4.451640000000000000e+05
4.455640000000000000e+05
4.476300000000000000e+05
4.486960000000000000e+05
4.497630000000000000e+05
4.508290000000000000e+05
4.518980000000000000e+05
4.522980000000000000e+05
4.543650000000000000e+05
4.554320000000000000e+05
4.564990000000000000e+05
4.575650000000000000e+05
4.586310000000000000e+05
4.590310000000000000e+05
4.610990000000000000e+05
4.621650000000000000e+05
4.625650000000000000e+05
4.646320000000000000e+05
4.656980000000000000e+05
4.667660000000000000e+05
4.671660000000000000e+05
4.692340000000000000e+05
4.703000000000000000e+05
4.713660000000000000e+05
4.717660000000000000e+05
4.738330000000000000e+05
4.749000000000000000e+05
4.753000000000000000e+05
4.773680000000000000e+05
4.784340000000000000e+05
4.795010000000000000e+05
4.799010000000000000e+05
4.819680000000000000e+05
4.830340000000000000e+05
4.834340000000000000e+05
4.855010000000000000e+05
4.865690000000000000e+05
4.876350000000000000e+05
4.887020000000000000e+05
4.891020000000000000e+05
4.911680000000000000e+05
4.922350000000000000e+05
4.933010000000000000e+05
4.937010000000000000e+05
4.957680000000000000e+05
4.968340000000000000e+05
4.972340000000000000e+05
4.993040000000000000e+05
5.003700000000000000e+05
5.014370000000000000e+05
5.025030000000000000e+05
5.035700000000000000e+05
5.039700000000000000e+05
5.060370000000000000e+05
5.071040000000000000e+05
5.081710000000000000e+05
5.085710000000000000e+05
5.106380000000000000e+05
5.117050000000000000e+05
5.127720000000000000e+05
5.138380000000000000e+05
5.149040000000000000e+05
5.153040000000000000e+05
5.173710000000000000e+05
5.184380000000000000e+05
5.188380000000000000e+05
5.209050000000000000e+05
5.219730000000000000e+05
5.223730000000000000e+05
5.244350000000000000e+05
5.255060000000000000e+05
5.259060000000000000e+05
5.279730000000000000e+05
5.290410000000000000e+05
5.294410000000000000e+05
5.315060000000000000e+05
5.325730000000000000e+05
5.336410000000000000e+05
5.347080000000000000e+05
5.351080000000000000e+05
5.371750000000000000e+05
5.382410000000000000e+05
5.393080000000000000e+05
5.403750000000000000e+05
5.407750000000000000e+05
5.428420000000000000e+05
5.439080000000000000e+05
5.449750000000000000e+05
5.460410000000000000e+05
5.464410000000000000e+05
5.485080000000000000e+05
5.495740000000000000e+05
5.506420000000000000e+05
5.517080000000000000e+05
5.527750000000000000e+05
5.531750000000000000e+05
5.552420000000000000e+05
5.563080000000000000e+05
5.573770000000000000e+05
5.584420000000000000e+05
5.595090000000000000e+05
5.599090000000000000e+05
5.619760000000000000e+05
5.630420000000000000e+05
5.641100000000000000e+05
5.651760000000000000e+05
5.655760000000000000e+05
5.676430000000000000e+05
5.687100000000000000e+05
5.691100000000000000e+05
5.711770000000000000e+05
5.722460000000000000e+05
5.733120000000000000e+05
5.743790000000000000e+05
5.754450000000000000e+05
5.758450000000000000e+05
5.779120000000000000e+05
5.789780000000000000e+05
5.793780000000000000e+05
5.814460000000000000e+05
5.825130000000000000e+05
5.835800000000000000e+05
5.839800000000000000e+05
5.860450000000000000e+05
5.871120000000000000e+05
5.875120000000000000e+05
5.895810000000000000e+05
5.906470000000000000e+05
5.917140000000000000e+05
5.921140000000000000e+05
5.941790000000000000e+05
5.952480000000000000e+05
5.956480000000000000e+05
5.977150000000000000e+05
5.987810000000000000e+05
5.991810000000000000e+05
6.012490000000000000e+05
6.023150000000000000e+05
6.027150000000000000e+05
6.047830000000000000e+05
6.058470000000000000e+05
6.062470000000000000e+05
6.083140000000000000e+05
6.093830000000000000e+05
6.097830000000000000e+05
6.118480000000000000e+05
6.129170000000000000e+05
6.133170000000000000e+05
6.153820000000000000e+05
6.164490000000000000e+05
6.175180000000000000e+05
6.179180000000000000e+05
6.199820000000000000e+05
6.210490000000000000e+05
6.214490000000000000e+05
6.235170000000000000e+05
6.245840000000000000e+05
6.249840000000000000e+05
6.270510000000000000e+05
6.281170000000000000e+05
6.291830000000000000e+05
6.302500000000000000e+05
6.306500000000000000e+05
6.327190000000000000e+05
6.337850000000000000e+05
6.348510000000000000e+05
6.359180000000000000e+05
6.369800000000000000e+05
6.373800000000000000e+05
6.394520000000000000e+05
6.405190000000000000e+05
6.415860000000000000e+05
6.426520000000000000e+05
6.430520000000000000e+05
6.451210000000000000e+05
6.461870000000000000e+05
6.472530000000000000e+05
6.476530000000000000e+05
6.497210000000000000e+05
6.507870000000000000e+05
6.511870000000000000e+05
6.532540000000000000e+05
6.543210000000000000e+05
6.553880000000000000e+05
6.564540000000000000e+05
6.575200000000000000e+05
6.579200000000000000e+05
6.599870000000000000e+05
6.610540000000000000e+05
6.621210000000000000e+05
6.631870000000000000e+05
6.642560000000000000e+05
6.646560000000000000e+05
6.667210000000000000e+05
6.677900000000000000e+05
6.688560000000000000e+05
6.699240000000000000e+05
6.703240000000000000e+05
6.723890000000000000e+05
6.734550000000000000e+05
6.738550000000000000e+05
6.759230000000000000e+05
6.769910000000000000e+05
6.780570000000000000e+05
6.791230000000000000e+05
6.795230000000000000e+05
6.815910000000000000e+05
6.826570000000000000e+05
6.830570000000000000e+05
6.851230000000000000e+05
6.861900000000000000e+05
6.872560000000000000e+05
6.876560000000000000e+05
6.897250000000000000e+05
6.907910000000000000e+05
6.918590000000000000e+05
6.929250000000000000e+05
6.939920000000000000e+05
6.943920000000000000e+05
6.964580000000000000e+05
6.975260000000000000e+05
6.985930000000000000e+05
6.996600000000000000e+05
7.000600000000000000e+05
7.021260000000000000e+05
7.031930000000000000e+05
7.035930000000000000e+05
7.056590000000000000e+05
7.067260000000000000e+05
7.071260000000000000e+05
7.091940000000000000e+05
7.102600000000000000e+05
7.113260000000000000e+05
7.123940000000000000e+05
7.134620000000000000e+05
7.138620000000000000e+05
7.159270000000000000e+05
7.169950000000000000e+05
7.180610000000000000e+05
7.191280000000000000e+05
7.195280000000000000e+05
7.215940000000000000e+05
7.226610000000000000e+05
7.237300000000000000e+05
7.247940000000000000e+05
7.258630000000000000e+05
7.262630000000000000e+05
7.283300000000000000e+05
7.293960000000000000e+05
7.297960000000000000e+05
7.318630000000000000e+05
7.329290000000000000e+05
7.333290000000000000e+05
7.353970000000000000e+05
7.364630000000000000e+05
7.375300000000000000e+05
7.385970000000000000e+05
7.389970000000000000e+05
7.410640000000000000e+05
7.421320000000000000e+05
7.425320000000000000e+05
7.445980000000000000e+05
7.456650000000000000e+05
7.460650000000000000e+05
7.481320000000000000e+05
7.492000000000000000e+05
7.496000000000000000e+05
7.516660000000000000e+05
7.527330000000000000e+05
7.537990000000000000e+05
7.541990000000000000e+05
7.562650000000000000e+05
7.573310000000000000e+05
7.577310000000000000e+05
7.598000000000000000e+05
7.608660000000000000e+05
7.612660000000000000e+05
7.633330000000000000e+05
7.644000000000000000e+05
7.654660000000000000e+05
7.665330000000000000e+05
7.676000000000000000e+05
7.680000000000000000e+05
7.700670000000000000e+05
7.711340000000000000e+05
7.722000000000000000e+05
7.732670000000000000e+05
7.736670000000000000e+05
7.757330000000000000e+05
7.768030000000000000e+05
7.778690000000000000e+05
7.789360000000000000e+05
7.793360000000000000e+05
7.814020000000000000e+05
7.824680000000000000e+05
7.828680000000000000e+05
7.849360000000000000e+05
7.860030000000000000e+05
7.870700000000000000e+05
7.874700000000000000e+05
7.895360000000000000e+05
7.906030000000000000e+05
7.916700000000000000e+05
7.927380000000000000e+05
7.931380000000000000e+05
7.952040000000000000e+05
7.962700000000000000e+05
7.973360000000000000e+05
7.984050000000000000e+05
7.994700000000000000e+05
7.998700000000000000e+05
8.019340000000000000e+05
8.030030000000000000e+05
8.040720000000000000e+05
8.044720000000000000e+05
8.065380000000000000e+05
8.076040000000000000e+05
8.080040000000000000e+05
8.100710000000000000e+05
8.111380000000000000e+05
8.122050000000000000e+05
8.132730000000000000e+05
8.136730000000000000e+05
8.157390000000000000e+05
8.168060000000000000e+05
8.178720000000000000e+05
8.189400000000000000e+05
8.193400000000000000e+05
8.214070000000000000e+05
8.224730000000000000e+05
8.235390000000000000e+05
8.246060000000000000e+05
8.256740000000000000e+05
8.260740000000000000e+05
8.281420000000000000e+05
8.292080000000000000e+05
8.302740000000000000e+05
8.306740000000000000e+05
8.327400000000000000e+05
8.338070000000000000e+05
8.348730000000000000e+05
8.359420000000000000e+05
8.370080000000000000e+05
8.374080000000000000e+05
8.394740000000000000e+05
8.405430000000000000e+05
8.416090000000000000e+05
8.426760000000000000e+05
8.437420000000000000e+05
8.441420000000000000e+05
8.462080000000000000e+05
8.472770000000000000e+05
8.483440000000000000e+05
8.494100000000000000e+05
8.498100000000000000e+05
8.518770000000000000e+05
8.529440000000000000e+05
8.533440000000000000e+05
8.554100000000000000e+05
8.564760000000000000e+05
8.575430000000000000e+05
8.586120000000000000e+05
8.590120000000000000e+05
8.610780000000000000e+05
8.621450000000000000e+05
8.632120000000000000e+05
8.642780000000000000e+05
8.653450000000000000e+05
8.657450000000000000e+05
8.678110000000000000e+05
8.688780000000000000e+05
8.699460000000000000e+05
8.703460000000000000e+05
8.724130000000000000e+05
8.734800000000000000e+05
8.738800000000000000e+05
8.759450000000000000e+05
8.770140000000000000e+05
8.780800000000000000e+05
8.791470000000000000e+05
8.795470000000000000e+05
8.816140000000000000e+05
8.826800000000000000e+05
8.837480000000000000e+05
8.848140000000000000e+05
8.852140000000000000e+05
8.872800000000000000e+05
8.883470000000000000e+05
8.887470000000000000e+05
8.908150000000000000e+05
8.918820000000000000e+05
8.929490000000000000e+05
8.940150000000000000e+05
8.950820000000000000e+05
8.954820000000000000e+05
8.975470000000000000e+05
8.986160000000000000e+05
8.996830000000000000e+05
9.007490000000000000e+05
9.011490000000000000e+05
9.032150000000000000e+05
9.042820000000000000e+05
9.053510000000000000e+05
9.057510000000000000e+05
9.078160000000000000e+05
9.088820000000000000e+05
9.092820000000000000e+05
9.113510000000000000e+05
9.124170000000000000e+05
9.128170000000000000e+05
9.148830000000000000e+05
9.159500000000000000e+05
9.163500000000000000e+05
9.184190000000000000e+05
9.194850000000000000e+05
9.205510000000000000e+05
9.216170000000000000e+05
9.226840000000000000e+05
9.230840000000000000e+05
9.251530000000000000e+05
9.262190000000000000e+05
9.266190000000000000e+05
9.286860000000000000e+05
9.297530000000000000e+05
9.308200000000000000e+05
9.318870000000000000e+05
9.329540000000000000e+05
9.333540000000000000e+05
9.354200000000000000e+05
9.364860000000000000e+05
9.375530000000000000e+05
9.379530000000000000e+05
9.400210000000000000e+05
9.410860000000000000e+05
9.414860000000000000e+05
9.435550000000000000e+05
9.446210000000000000e+05
9.456870000000000000e+05
9.460870000000000000e+05
9.481580000000000000e+05
9.492220000000000000e+05
9.496220000000000000e+05
9.516890000000000000e+05
9.527550000000000000e+05
9.538220000000000000e+05
9.548880000000000000e+05
9.552880000000000000e+05
9.573540000000000000e+05
9.584220000000000000e+05
9.594880000000000000e+05
9.605560000000000000e+05
9.609560000000000000e+05
9.630230000000000000e+05
9.640890000000000000e+05
9.644890000000000000e+05
9.665560000000000000e+05
9.676230000000000000e+05
9.680230000000000000e+05
9.700900000000000000e+05
9.711560000000000000e+05
9.722240000000000000e+05
9.732890000000000000e+05
9.743570000000000000e+05
9.747570000000000000e+05
9.768240000000000000e+05
9.778900000000000000e+05
9.789570000000000000e+05
9.800260000000000000e+05
9.804260000000000000e+05
9.824930000000000000e+05
9.835590000000000000e+05
9.846260000000000000e+05
9.856920000000000000e+05
9.867590000000000000e+05
9.871590000000000000e+05
9.892250000000000000e+05
9.902920000000000000e+05
9.906920000000000000e+05
9.927590000000000000e+05
9.938270000000000000e+05
9.948930000000000000e+05
9.959610000000000000e+05
9.970270000000000000e+05
9.974270000000000000e+05
9.994920000000000000e+05
1.000561000000000000e+06
1.001628000000000000e+06
1.002694000000000000e+06
1.003094000000000000e+06
1.005160000000000000e+06
1.006227000000000000e+06
1.007295000000000000e+06
1.007695000000000000e+06
1.009762000000000000e+06
1.010828000000000000e+06
1.011894000000000000e+06
1.012962000000000000e+06
1.013362000000000000e+06
1.015428000000000000e+06
1.016495000000000000e+06
1.017561000000000000e+06
1.018630000000000000e+06
1.019696000000000000e+06
1.020096000000000000e+06
1.022161000000000000e+06
1.023230000000000000e+06
1.024297000000000000e+06
1.024697000000000000e+06
1.026763000000000000e+06
1.027830000000000000e+06
1.028897000000000000e+06
1.029963000000000000e+06
1.031030000000000000e+06
1.031430000000000000e+06
1.033499000000000000e+06
1.034565000000000000e+06
1.034965000000000000e+06
1.037031000000000000e+06
1.038099000000000000e+06
1.039163000000000000e+06
1.040232000000000000e+06
1.041299000000000000e+06
1.041699000000000000e+06
1.043764000000000000e+06
1.044833000000000000e+06
1.045900000000000000e+06
1.046966000000000000e+06
1.047366000000000000e+06
1.049433000000000000e+06
1.050499000000000000e+06
1.051567000000000000e+06
1.052632000000000000e+06
1.053032000000000000e+06
1.055101000000000000e+06
1.056167000000000000e+06
1.057233000000000000e+06
1.058301000000000000e+06
1.059367000000000000e+06
1.059767000000000000e+06
1.061834000000000000e+06
1.062900000000000000e+06
1.063300000000000000e+06
1.065369000000000000e+06
1.066435000000000000e+06
1.066835000000000000e+06
1.068901000000000000e+06
1.069967000000000000e+06
1.070367000000000000e+06
1.072436000000000000e+06
1.073502000000000000e+06
1.074568000000000000e+06
1.075636000000000000e+06
1.076702000000000000e+06
1.077102000000000000e+06
1.079169000000000000e+06
1.080235000000000000e+06
1.081304000000000000e+06
1.082370000000000000e+06
1.082770000000000000e+06
1.084837000000000000e+06
1.085904000000000000e+06
1.086304000000000000e+06
1.088371000000000000e+06
1.089437000000000000e+06
1.090504000000000000e+06
1.091570000000000000e+06
1.092637000000000000e+06
1.093037000000000000e+06
1.095104000000000000e+06
1.096170000000000000e+06
1.097239000000000000e+06
1.098304000000000000e+06
1.098704000000000000e+06
1.100773000000000000e+06
1.101839000000000000e+06
1.102905000000000000e+06
1.103305000000000000e+06
1.105374000000000000e+06
1.106439000000000000e+06
1.106839000000000000e+06
1.108906000000000000e+06
1.109972000000000000e+06
1.111039000000000000e+06
1.112105000000000000e+06
1.112505000000000000e+06
1.114573000000000000e+06
1.115641000000000000e+06
1.116707000000000000e+06
1.117774000000000000e+06
1.118174000000000000e+06
1.120241000000000000e+06
1.121307000000000000e+06
1.121707000000000000e+06
1.123774000000000000e+06
1.124840000000000000e+06
1.125240000000000000e+06
1.127307000000000000e+06
1.128376000000000000e+06
1.129442000000000000e+06
1.129842000000000000e+06
1.131909000000000000e+06
1.132975000000000000e+06
1.134042000000000000e+06
1.134442000000000000e+06
1.136508000000000000e+06
1.137575000000000000e+06
1.138644000000000000e+06
1.139710000000000000e+06
1.140110000000000000e+06
1.142176000000000000e+06
1.143243000000000000e+06
1.144310000000000000e+06
1.145376000000000000e+06
1.146445000000000000e+06
1.146845000000000000e+06
1.148911000000000000e+06
1.149978000000000000e+06
1.151045000000000000e+06
1.152110000000000000e+06
1.153177000000000000e+06
1.153577000000000000e+06
1.155644000000000000e+06
1.156711000000000000e+06
1.157778000000000000e+06
1.158844000000000000e+06
1.159911000000000000e+06
1.160311000000000000e+06
1.162379000000000000e+06
1.163445000000000000e+06
1.164512000000000000e+06
1.164912000000000000e+06
1.166980000000000000e+06
1.168046000000000000e+06
1.169113000000000000e+06
1.170179000000000000e+06
1.171246000000000000e+06
1.171646000000000000e+06
1.173713000000000000e+06
1.174780000000000000e+06
1.175846000000000000e+06
1.176913000000000000e+06
1.177313000000000000e+06
1.179380000000000000e+06
1.180447000000000000e+06
1.180847000000000000e+06
1.274106000000000000e+06
1.274293000000000000e+06
1.275855000000000000e+06
1.277856000000000000e+06
1.278094000000000000e+06
1.278679000000000000e+06
1.278841000000000000e+06
1.279919000000000000e+06
1.282700000000000000e+06
1.282937000000000000e+06
1.283431000000000000e+06
1.283667000000000000e+06
1.284383000000000000e+06
1.285364000000000000e+06
1.287684000000000000e+06
1.287902000000000000e+06
1.289370000000000000e+06
1.291797000000000000e+06
1.292132000000000000e+06
1.292661000000000000e+06
1.292976000000000000e+06
1.293322000000000000e+06
1.294370000000000000e+06
1.296722000000000000e+06
1.297048000000000000e+06
1.297358000000000000e+06
1.297617000000000000e+06
1.298039000000000000e+06
1.299003000000000000e+06
1.301175000000000000e+06
1.301491000000000000e+06
1.303159000000000000e+06
1.305363000000000000e+06
1.305585000000000000e+06
1.305911000000000000e+06
1.307634000000000000e+06
1.309722000000000000e+06
1.310284000000000000e+06
1.310692000000000000e+06
1.311957000000000000e+06
1.314222000000000000e+06
1.314824000000000000e+06
1.316031000000000000e+06
1.318471000000000000e+06
1.318767000000000000e+06
1.319159000000000000e+06
1.320376000000000000e+06
1.322377000000000000e+06
1.322874000000000000e+06
1.324406000000000000e+06
1.327190000000000000e+06
1.327729000000000000e+06
1.328616000000000000e+06
1.328770000000000000e+06
1.330636000000000000e+06
1.332877000000000000e+06
1.333237000000000000e+06
1.333676000000000000e+06
1.335443000000000000e+06
1.337564000000000000e+06
1.337883000000000000e+06
1.339673000000000000e+06
1.341689000000000000e+06
1.342091000000000000e+06
1.342494000000000000e+06
1.342776000000000000e+06
1.343613000000000000e+06
1.344513000000000000e+06
1.346626000000000000e+06
1.346924000000000000e+06
1.347385000000000000e+06
1.348437000000000000e+06
1.350626000000000000e+06
1.350827000000000000e+06
1.351373000000000000e+06
1.352286000000000000e+06
1.352585000000000000e+06
1.353500000000000000e+06
1.355626000000000000e+06
1.356109000000000000e+06
1.357645000000000000e+06
1.359688000000000000e+06
1.360451000000000000e+06
1.362117000000000000e+06
1.364125000000000000e+06
1.364631000000000000e+06
1.366062000000000000e+06
1.368063000000000000e+06
1.368733000000000000e+06
1.370189000000000000e+06
1.372375000000000000e+06
1.372930000000000000e+06
1.373586000000000000e+06
1.374055000000000000e+06
1.375376000000000000e+06
1.377375000000000000e+06
1.377581000000000000e+06
1.378790000000000000e+06
1.379171000000000000e+06
1.380302000000000000e+06
1.382562000000000000e+06
1.383148000000000000e+06
1.383720000000000000e+06
1.383924000000000000e+06
1.385136000000000000e+06
1.387562000000000000e+06
1.387996000000000000e+06
1.388376000000000000e+06
1.388684000000000000e+06
1.389176000000000000e+06
1.390130000000000000e+06
1.392280000000000000e+06
1.392680000000000000e+06
1.393046000000000000e+06
1.393347000000000000e+06
1.394082000000000000e+06
1.395477000000000000e+06
1.397655000000000000e+06
1.397876000000000000e+06
1.398601000000000000e+06
1.398944000000000000e+06
1.400398000000000000e+06
1.402655000000000000e+06
1.403250000000000000e+06
1.405121000000000000e+06
1.407654000000000000e+06
1.408175000000000000e+06
1.408591000000000000e+06
1.408907000000000000e+06
1.409365000000000000e+06
1.410593000000000000e+06
1.412654000000000000e+06
1.413502000000000000e+06
1.415136000000000000e+06
1.417154000000000000e+06
1.417442000000000000e+06
1.418145000000000000e+06
1.419446000000000000e+06
1.421622000000000000e+06
1.422137000000000000e+06
1.423831000000000000e+06
1.425903000000000000e+06
1.426315000000000000e+06
1.426815000000000000e+06
1.428462000000000000e+06
1.430653000000000000e+06
1.431435000000000000e+06
1.433617000000000000e+06
1.435778000000000000e+06
1.436582000000000000e+06
1.438100000000000000e+06
1.440278000000000000e+06
1.440909000000000000e+06
1.442463000000000000e+06
1.444465000000000000e+06
1.444958000000000000e+06
1.446996000000000000e+06
1.449027000000000000e+06
1.450031000000000000e+06
1.452368000000000000e+06
1.454777000000000000e+06
1.455454000000000000e+06
1.456928000000000000e+06
1.459652000000000000e+06
1.459969000000000000e+06
1.460345000000000000e+06
1.462099000000000000e+06
1.464105000000000000e+06
1.464538000000000000e+06
1.465958000000000000e+06
1.468417000000000000e+06
1.468844000000000000e+06
1.470415000000000000e+06
1.472917000000000000e+06
1.473053000000000000e+06
1.473763000000000000e+06
1.474110000000000000e+06
1.475262000000000000e+06
1.477291000000000000e+06
1.477521000000000000e+06
1.477915000000000000e+06
1.478158000000000000e+06
1.478647000000000000e+06
1.479475000000000000e+06
1.481479000000000000e+06
1.481824000000000000e+06
1.482423000000000000e+06
1.482728000000000000e+06
1.483564000000000000e+06
1.485603000000000000e+06
1.486075000000000000e+06
1.486316000000000000e+06
1.487701000000000000e+06
1.490072000000000000e+06
1.490501000000000000e+06
1.492306000000000000e+06
1.494415000000000000e+06
1.494755000000000000e+06
1.495173000000000000e+06
1.495546000000000000e+06
1.495663000000000000e+06
1.496895000000000000e+06
1.498947000000000000e+06
1.499229000000000000e+06
1.499532000000000000e+06
1.499735000000000000e+06
1.500201000000000000e+06
1.501139000000000000e+06
1.503149000000000000e+06
1.503539000000000000e+06
1.504153000000000000e+06
1.504509000000000000e+06
1.505325000000000000e+06
1.507837000000000000e+06
1.508125000000000000e+06
1.509682000000000000e+06
1.512337000000000000e+06
1.512658000000000000e+06
1.513007000000000000e+06
1.513307000000000000e+06
1.514519000000000000e+06
1.517336000000000000e+06
1.517923000000000000e+06
1.519508000000000000e+06
1.521836000000000000e+06
1.522083000000000000e+06
1.522731000000000000e+06
1.523885000000000000e+06
1.526211000000000000e+06
1.526461000000000000e+06
1.527206000000000000e+06
1.527361000000000000e+06
1.527799000000000000e+06
1.529138000000000000e+06
1.531773000000000000e+06
1.532132000000000000e+06
1.532562000000000000e+06
1.532696000000000000e+06
1.533937000000000000e+06
1.536242000000000000e+06
1.536664000000000000e+06
1.538241000000000000e+06
1.540694000000000000e+06
1.541030000000000000e+06
1.542628000000000000e+06
1.545304000000000000e+06
1.545590000000000000e+06
1.545908000000000000e+06
1.546605000000000000e+06
1.546737000000000000e+06
1.548472000000000000e+06
1.550866000000000000e+06
1.551286000000000000e+06
1.552101000000000000e+06
1.552343000000000000e+06
1.553292000000000000e+06
1.555866000000000000e+06
1.556230000000000000e+06
1.556477000000000000e+06
1.556745000000000000e+06
1.557262000000000000e+06
1.558603000000000000e+06
1.560803000000000000e+06
1.561044000000000000e+06
1.562523000000000000e+06
1.565131000000000000e+06
1.565442000000000000e+06
1.567087000000000000e+06
1.569099000000000000e+06
1.569363000000000000e+06
1.569948000000000000e+06
1.570189000000000000e+06
1.571488000000000000e+06
1.573849000000000000e+06
1.574042000000000000e+06
1.575243000000000000e+06
1.578271000000000000e+06
1.578670000000000000e+06
1.579821000000000000e+06
1.582114000000000000e+06
1.582637000000000000e+06
1.583778000000000000e+06
1.586067000000000000e+06
1.586350000000000000e+06
1.586802000000000000e+06
1.588128000000000000e+06
1.590661000000000000e+06
1.591444000000000000e+06
1.592989000000000000e+06
1.595723000000000000e+06
1.596089000000000000e+06
1.597596000000000000e+06
1.599723000000000000e+06
1.600011000000000000e+06
1.600548000000000000e+06
1.601032000000000000e+06
1.601250000000000000e+06
1.602674000000000000e+06
1.604691000000000000e+06
1.605128000000000000e+06
1.605591000000000000e+06
1.605967000000000000e+06
1.607021000000000000e+06
1.609472000000000000e+06
1.609854000000000000e+06
1.610423000000000000e+06
1.610577000000000000e+06
1.611730000000000000e+06
1.613847000000000000e+06
1.614154000000000000e+06
1.615628000000000000e+06
1.617847000000000000e+06
1.618114000000000000e+06
1.618567000000000000e+06
1.620469000000000000e+06
1.622471000000000000e+06
1.622910000000000000e+06
1.623498000000000000e+06
1.623665000000000000e+06
1.624543000000000000e+06
1.626565000000000000e+06
1.627026000000000000e+06
1.627502000000000000e+06
1.627835000000000000e+06
1.628104000000000000e+06
1.629146000000000000e+06
1.631408000000000000e+06
1.631596000000000000e+06
1.632046000000000000e+06
1.633955000000000000e+06
1.636033000000000000e+06
1.636648000000000000e+06
1.638144000000000000e+06
1.640470000000000000e+06
1.640652000000000000e+06
1.641400000000000000e+06
1.641592000000000000e+06
1.642766000000000000e+06
1.644845000000000000e+06
1.645130000000000000e+06
1.645514000000000000e+06
1.645788000000000000e+06
1.646901000000000000e+06
1.649407000000000000e+06
1.649679000000000000e+06
1.650119000000000000e+06
1.650466000000000000e+06
1.651282000000000000e+06
1.652344000000000000e+06
1.654782000000000000e+06
1.655080000000000000e+06
1.655484000000000000e+06
1.657046000000000000e+06
1.659282000000000000e+06
1.659485000000000000e+06
1.659924000000000000e+06
1.660645000000000000e+06
1.660762000000000000e+06
1.661775000000000000e+06
1.663969000000000000e+06
1.664346000000000000e+06
1.664798000000000000e+06
1.665011000000000000e+06
1.665464000000000000e+06
1.666495000000000000e+06
1.668594000000000000e+06
1.668957000000000000e+06
1.669604000000000000e+06
1.669904000000000000e+06
1.670664000000000000e+06
1.672813000000000000e+06
1.673244000000000000e+06
1.675133000000000000e+06
1.677250000000000000e+06
1.677432000000000000e+06
1.678099000000000000e+06
1.678251000000000000e+06
1.679046000000000000e+06
1.681109000000000000e+06
1.681588000000000000e+06
1.681843000000000000e+06
1.681990000000000000e+06
1.682609000000000000e+06
1.683529000000000000e+06
1.685890000000000000e+06
1.686184000000000000e+06
1.686602000000000000e+06
1.687579000000000000e+06
1.689702000000000000e+06
1.690458000000000000e+06
1.692077000000000000e+06
1.694202000000000000e+06
1.694450000000000000e+06
1.695222000000000000e+06
1.695348000000000000e+06
1.697126000000000000e+06
1.699233000000000000e+06
1.699925000000000000e+06
1.700546000000000000e+06
1.700841000000000000e+06
1.701565000000000000e+06
1.703670000000000000e+06
1.703933000000000000e+06
1.705663000000000000e+06
1.708217000000000000e+06
1.708509000000000000e+06
1.708954000000000000e+06
1.709584000000000000e+06
1.709844000000000000e+06
1.710661000000000000e+06
1.712920000000000000e+06
1.713312000000000000e+06
1.713978000000000000e+06
1.714211000000000000e+06
1.715826000000000000e+06
1.718224000000000000e+06
1.718470000000000000e+06
1.719113000000000000e+06
1.720448000000000000e+06
1.722919000000000000e+06
1.723501000000000000e+06
1.724896000000000000e+06
1.727107000000000000e+06
1.727754000000000000e+06
1.728769000000000000e+06
1.730856000000000000e+06
1.731627000000000000e+06
1.733105000000000000e+06
1.735325000000000000e+06
1.735626000000000000e+06
1.736155000000000000e+06
1.736371000000000000e+06
1.736808000000000000e+06
1.738432000000000000e+06
1.740512000000000000e+06
1.741087000000000000e+06
1.743203000000000000e+06
1.745293000000000000e+06
1.745779000000000000e+06
1.746340000000000000e+06
1.746550000000000000e+06
1.746945000000000000e+06
1.748492000000000000e+06
1.750543000000000000e+06
1.750830000000000000e+06
1.751434000000000000e+06
1.752774000000000000e+06
1.754972000000000000e+06
1.755597000000000000e+06
1.757275000000000000e+06
1.759410000000000000e+06
1.759697000000000000e+06
1.760000000000000000e+06
1.761504000000000000e+06
1.763738000000000000e+06
1.764243000000000000e+06
1.766061000000000000e+06
1.768706000000000000e+06
1.769041000000000000e+06
1.769474000000000000e+06
1.770013000000000000e+06
1.771376000000000000e+06
1.773596000000000000e+06
1.773857000000000000e+06
1.774341000000000000e+06
1.774670000000000000e+06
1.776580000000000000e+06
1.778659000000000000e+06
1.779235000000000000e+06
1.780626000000000000e+06
1.783221000000000000e+06
1.783528000000000000e+06
1.784886000000000000e+06
1.787096000000000000e+06
1.787428000000000000e+06
1.787721000000000000e+06
1.788007000000000000e+06
1.788369000000000000e+06
1.789437000000000000e+06
1.791533000000000000e+06
1.791937000000000000e+06
1.792304000000000000e+06
1.792738000000000000e+06
1.793696000000000000e+06
1.796002000000000000e+06
1.796317000000000000e+06
1.797433000000000000e+06
1.797797000000000000e+06
1.798075000000000000e+06
1.799316000000000000e+06
1.801595000000000000e+06
1.801903000000000000e+06
1.803581000000000000e+06
1.805720000000000000e+06
1.805854000000000000e+06
1.806358000000000000e+06
1.806902000000000000e+06
1.807022000000000000e+06
1.808367000000000000e+06
1.810470000000000000e+06
1.810636000000000000e+06
1.811190000000000000e+06
1.811725000000000000e+06
1.813392000000000000e+06
1.815469000000000000e+06
1.815933000000000000e+06
1.816403000000000000e+06
1.817742000000000000e+06
1.819782000000000000e+06
1.820058000000000000e+06
1.820377000000000000e+06
1.820661000000000000e+06
1.822075000000000000e+06
1.824375000000000000e+06
1.824703000000000000e+06
1.824946000000000000e+06
1.825157000000000000e+06
1.825736000000000000e+06
1.826944000000000000e+06
1.829250000000000000e+06
1.829532000000000000e+06
1.830030000000000000e+06
1.831420000000000000e+06
1.833625000000000000e+06
1.833772000000000000e+06
1.834000000000000000e+06
1.834264000000000000e+06
1.834868000000000000e+06
1.836132000000000000e+06
1.838218000000000000e+06
1.838435000000000000e+06
1.839944000000000000e+06
1.842187000000000000e+06
1.842411000000000000e+06
1.842942000000000000e+06
1.843196000000000000e+06
1.843444000000000000e+06
1.844391000000000000e+06
1.846437000000000000e+06
1.846615000000000000e+06
1.847219000000000000e+06
1.847548000000000000e+06
1.848613000000000000e+06
1.851218000000000000e+06
1.851402000000000000e+06
1.852000000000000000e+06
1.852179000000000000e+06
1.853568000000000000e+06
1.855577000000000000e+06
1.856026000000000000e+06
1.856199000000000000e+06
1.856398000000000000e+06
1.856922000000000000e+06
1.857881000000000000e+06
1.860202000000000000e+06
1.860539000000000000e+06
1.862160000000000000e+06
1.864451000000000000e+06
1.864884000000000000e+06
1.866405000000000000e+06
1.869076000000000000e+06
1.869489000000000000e+06
1.870687000000000000e+06
1.872826000000000000e+06
1.873081000000000000e+06
1.873631000000000000e+06
1.874215000000000000e+06
1.874412000000000000e+06
1.875954000000000000e+06
1.878052000000000000e+06
1.878233000000000000e+06
1.878814000000000000e+06
1.879037000000000000e+06
1.880579000000000000e+06
1.882708000000000000e+06
1.883100000000000000e+06
1.884221000000000000e+06
1.886286000000000000e+06
1.886576000000000000e+06
1.886874000000000000e+06
1.887418000000000000e+06
1.887497000000000000e+06
1.888309000000000000e+06
1.890387000000000000e+06
1.890654000000000000e+06
1.891219000000000000e+06
1.891452000000000000e+06
1.893203000000000000e+06
1.895622000000000000e+06
1.895903000000000000e+06
1.896525000000000000e+06
1.898250000000000000e+06
1.900465000000000000e+06
1.900663000000000000e+06
1.902442000000000000e+06
1.904871000000000000e+06
1.905034000000000000e+06
1.905576000000000000e+06
1.905818000000000000e+06
1.907016000000000000e+06
1.909230000000000000e+06
1.909410000000000000e+06
1.910042000000000000e+06
1.910242000000000000e+06
1.911670000000000000e+06
1.913792000000000000e+06
1.914082000000000000e+06
1.915894000000000000e+06
1.917933000000000000e+06
1.918208000000000000e+06
1.920028000000000000e+06
1.922823000000000000e+06
1.923058000000000000e+06
1.923542000000000000e+06
1.924914000000000000e+06
1.927057000000000000e+06
1.927300000000000000e+06
1.927880000000000000e+06
1.929383000000000000e+06
1.931682000000000000e+06
1.931851000000000000e+06
1.932605000000000000e+06
1.932726000000000000e+06
1.934408000000000000e+06
1.936463000000000000e+06
1.936630000000000000e+06
1.937152000000000000e+06
1.937305000000000000e+06
1.937677000000000000e+06
1.938865000000000000e+06
1.941213000000000000e+06
1.941486000000000000e+06
1.942171000000000000e+06
1.942689000000000000e+06
1.942958000000000000e+06
1.943859000000000000e+06
1.945916000000000000e+06
1.946148000000000000e+06
1.946847000000000000e+06
1.947330000000000000e+06
1.947509000000000000e+06
1.948383000000000000e+06
1.950447000000000000e+06
1.950664000000000000e+06
1.951187000000000000e+06
1.952723000000000000e+06
1.954759000000000000e+06
1.955025000000000000e+06
1.955353000000000000e+06
1.955590000000000000e+06
1.955965000000000000e+06
1.957114000000000000e+06
1.959259000000000000e+06
1.959473000000000000e+06
1.959944000000000000e+06
1.960327000000000000e+06
1.961290000000000000e+06
1.963321000000000000e+06
1.963990000000000000e+06
1.965241000000000000e+06
2.044947000000000000e+06
2.046014000000000000e+06
2.047080000000000000e+06
2.048147000000000000e+06
2.049214000000000000e+06
2.049614000000000000e+06
2.051682000000000000e+06
2.052747000000000000e+06
2.053147000000000000e+06
2.055214000000000000e+06
2.056282000000000000e+06
2.057348000000000000e+06
2.057748000000000000e+06
2.059816000000000000e+06
2.060882000000000000e+06
2.061282000000000000e+06
2.063348000000000000e+06
2.064417000000000000e+06
2.064817000000000000e+06
2.066882000000000000e+06
2.067949000000000000e+06
2.069016000000000000e+06
2.069416000000000000e+06
2.071482000000000000e+06
2.072550000000000000e+06
2.072950000000000000e+06
2.075017000000000000e+06
2.076084000000000000e+06
2.076484000000000000e+06
2.078551000000000000e+06
2.079617000000000000e+06
2.080683000000000000e+06
2.081083000000000000e+06
2.083151000000000000e+06
2.084219000000000000e+06
2.085285000000000000e+06
2.086352000000000000e+06
2.087418000000000000e+06
2.087818000000000000e+06
2.089886000000000000e+06
2.090953000000000000e+06
2.092019000000000000e+06
2.092419000000000000e+06
2.094486000000000000e+06
2.095553000000000000e+06
2.095953000000000000e+06
2.098020000000000000e+06
2.099086000000000000e+06
2.100153000000000000e+06
2.101221000000000000e+06
2.101621000000000000e+06
2.103688000000000000e+06
2.104754000000000000e+06
2.105154000000000000e+06
2.107221000000000000e+06
2.108287000000000000e+06
2.109353000000000000e+06
2.110421000000000000e+06
2.111487000000000000e+06
2.111887000000000000e+06
2.113955000000000000e+06
2.115022000000000000e+06
2.116088000000000000e+06
2.117155000000000000e+06
2.118222000000000000e+06
2.118622000000000000e+06
2.120689000000000000e+06
2.121755000000000000e+06
2.122822000000000000e+06
2.123222000000000000e+06
2.125289000000000000e+06
2.126356000000000000e+06
2.127422000000000000e+06
2.128489000000000000e+06
2.129556000000000000e+06
2.129956000000000000e+06
2.132024000000000000e+06
2.133091000000000000e+06
2.134156000000000000e+06
2.135223000000000000e+06
2.136292000000000000e+06
2.136692000000000000e+06
2.138757000000000000e+06
2.139825000000000000e+06
2.140892000000000000e+06
2.141958000000000000e+06
2.143024000000000000e+06
2.143424000000000000e+06
2.145492000000000000e+06
2.146558000000000000e+06
2.147624000000000000e+06
2.148691000000000000e+06
2.149091000000000000e+06
2.151159000000000000e+06
2.152226000000000000e+06
2.152626000000000000e+06
2.154694000000000000e+06
2.155761000000000000e+06
2.156827000000000000e+06
2.157894000000000000e+06
2.158960000000000000e+06
2.159360000000000000e+06
2.161427000000000000e+06
2.162493000000000000e+06
2.163561000000000000e+06
2.164627000000000000e+06
2.165027000000000000e+06
2.167094000000000000e+06
2.168160000000000000e+06
2.169227000000000000e+06
2.170294000000000000e+06
2.171361000000000000e+06
2.171761000000000000e+06
2.173827000000000000e+06
2.174894000000000000e+06
2.175961000000000000e+06
2.176361000000000000e+06
2.178430000000000000e+06
2.179496000000000000e+06
2.180563000000000000e+06
2.181630000000000000e+06
2.182696000000000000e+06
2.183096000000000000e+06
2.185163000000000000e+06
2.186231000000000000e+06
2.187296000000000000e+06
2.187696000000000000e+06
2.189763000000000000e+06
2.190830000000000000e+06
2.191230000000000000e+06
2.193297000000000000e+06
2.194364000000000000e+06
2.194764000000000000e+06
2.196831000000000000e+06
2.197898000000000000e+06
2.198964000000000000e+06
2.199364000000000000e+06
2.201432000000000000e+06
2.202499000000000000e+06
2.203566000000000000e+06
2.204632000000000000e+06
2.205698000000000000e+06
2.206098000000000000e+06
2.208165000000000000e+06
2.209233000000000000e+06
2.210300000000000000e+06
2.211366000000000000e+06
2.211766000000000000e+06
2.213832000000000000e+06
2.214900000000000000e+06
2.215967000000000000e+06
2.216367000000000000e+06
2.218434000000000000e+06
2.219500000000000000e+06
2.220567000000000000e+06
2.221633000000000000e+06
2.222702000000000000e+06
2.223102000000000000e+06
2.225168000000000000e+06
2.226234000000000000e+06
2.227301000000000000e+06
2.228368000000000000e+06
2.228768000000000000e+06
2.230836000000000000e+06
2.231901000000000000e+06
2.232968000000000000e+06
2.234036000000000000e+06
2.235103000000000000e+06
2.235503000000000000e+06
2.237569000000000000e+06
2.238635000000000000e+06
2.239702000000000000e+06
2.240770000000000000e+06
2.241836000000000000e+06
2.242236000000000000e+06
2.244303000000000000e+06
2.245370000000000000e+06
2.246436000000000000e+06
2.247504000000000000e+06
2.248571000000000000e+06
2.248971000000000000e+06
2.251037000000000000e+06
2.252103000000000000e+06
2.253171000000000000e+06
2.254237000000000000e+06
2.255303000000000000e+06
2.255703000000000000e+06
2.257770000000000000e+06
2.258839000000000000e+06
2.259906000000000000e+06
2.260973000000000000e+06
2.261373000000000000e+06
2.263438000000000000e+06
2.264504000000000000e+06
2.265573000000000000e+06
2.266640000000000000e+06
2.267707000000000000e+06
2.268107000000000000e+06
2.270174000000000000e+06
2.271240000000000000e+06
2.272306000000000000e+06
2.273372000000000000e+06
2.274439000000000000e+06
2.274839000000000000e+06
2.276908000000000000e+06
2.277973000000000000e+06
2.279040000000000000e+06
2.280108000000000000e+06
2.281174000000000000e+06
2.281574000000000000e+06
2.283642000000000000e+06
2.284707000000000000e+06
2.285107000000000000e+06
2.287176000000000000e+06
2.288242000000000000e+06
2.288642000000000000e+06
2.290709000000000000e+06
2.291775000000000000e+06
2.292842000000000000e+06
2.293242000000000000e+06
2.295309000000000000e+06
2.296375000000000000e+06
2.296775000000000000e+06
2.298843000000000000e+06
2.299909000000000000e+06
2.300977000000000000e+06
2.302043000000000000e+06
2.302443000000000000e+06
2.304510000000000000e+06
2.305576000000000000e+06
2.305976000000000000e+06
2.308045000000000000e+06
2.309111000000000000e+06
2.309511000000000000e+06
2.311577000000000000e+06
2.312645000000000000e+06
2.313710000000000000e+06
2.314779000000000000e+06
2.315845000000000000e+06
2.316245000000000000e+06
2.318311000000000000e+06
2.319379000000000000e+06
2.319779000000000000e+06
2.321845000000000000e+06
2.322912000000000000e+06
2.323312000000000000e+06
2.325379000000000000e+06
2.326446000000000000e+06
2.326846000000000000e+06
2.328912000000000000e+06
2.329981000000000000e+06
2.330381000000000000e+06
2.332446000000000000e+06
2.333513000000000000e+06
2.334579000000000000e+06
2.334979000000000000e+06
2.337047000000000000e+06
2.338113000000000000e+06
2.339181000000000000e+06
2.339581000000000000e+06
2.341647000000000000e+06
2.342714000000000000e+06
2.343780000000000000e+06
2.344849000000000000e+06
2.345249000000000000e+06
2.347315000000000000e+06
2.348382000000000000e+06
2.349448000000000000e+06
2.350515000000000000e+06
2.350915000000000000e+06
2.352982000000000000e+06
2.354049000000000000e+06
2.354449000000000000e+06
2.356516000000000000e+06
2.357582000000000000e+06
2.358649000000000000e+06
2.359716000000000000e+06
2.360116000000000000e+06
2.362185000000000000e+06
2.363250000000000000e+06
2.364316000000000000e+06
2.365384000000000000e+06
2.366451000000000000e+06
2.366851000000000000e+06
2.368918000000000000e+06
2.369984000000000000e+06
2.371051000000000000e+06
2.372117000000000000e+06
2.372517000000000000e+06
2.374585000000000000e+06
2.375651000000000000e+06
2.376718000000000000e+06
2.377784000000000000e+06
2.378184000000000000e+06
2.380251000000000000e+06
2.381320000000000000e+06
2.382387000000000000e+06
2.382787000000000000e+06
2.384853000000000000e+06
2.385920000000000000e+06
2.386320000000000000e+06
2.388387000000000000e+06
2.389453000000000000e+06
2.390520000000000000e+06
2.390920000000000000e+06
2.392987000000000000e+06
2.394055000000000000e+06
2.395121000000000000e+06
2.396187000000000000e+06
2.396587000000000000e+06
2.398654000000000000e+06
2.399720000000000000e+06
2.400787000000000000e+06
2.401187000000000000e+06
2.403255000000000000e+06
2.404322000000000000e+06
2.404722000000000000e+06
2.406788000000000000e+06
2.407854000000000000e+06
2.408923000000000000e+06
2.409323000000000000e+06
2.411388000000000000e+06
2.412457000000000000e+06
2.412857000000000000e+06
2.414922000000000000e+06
2.415989000000000000e+06
2.417055000000000000e+06
2.417455000000000000e+06
2.419524000000000000e+06
2.420590000000000000e+06
2.421657000000000000e+06
2.422723000000000000e+06
2.423123000000000000e+06
2.425191000000000000e+06
2.426257000000000000e+06
2.427323000000000000e+06
2.428390000000000000e+06
2.429458000000000000e+06
2.429858000000000000e+06
2.431924000000000000e+06
2.432992000000000000e+06
2.433392000000000000e+06
2.435457000000000000e+06
2.436526000000000000e+06
2.437592000000000000e+06
2.437992000000000000e+06
2.440058000000000000e+06
2.441127000000000000e+06
2.442192000000000000e+06
2.443260000000000000e+06
2.444326000000000000e+06
2.444726000000000000e+06
2.446792000000000000e+06
2.447859000000000000e+06
2.448926000000000000e+06
2.449992000000000000e+06
2.450392000000000000e+06
2.452461000000000000e+06
2.453527000000000000e+06
2.454593000000000000e+06
2.455660000000000000e+06
2.456727000000000000e+06
2.457127000000000000e+06
2.459195000000000000e+06
2.460262000000000000e+06
2.461329000000000000e+06
2.461729000000000000e+06
2.463795000000000000e+06
2.464862000000000000e+06
2.465262000000000000e+06
2.467328000000000000e+06
2.468394000000000000e+06
2.469463000000000000e+06
2.469863000000000000e+06
2.471930000000000000e+06
2.472996000000000000e+06
2.474063000000000000e+06
2.475129000000000000e+06
2.475529000000000000e+06
2.477597000000000000e+06
2.478662000000000000e+06
2.479731000000000000e+06
2.480797000000000000e+06
2.481864000000000000e+06
2.482264000000000000e+06
2.484330000000000000e+06
2.485396000000000000e+06
2.486465000000000000e+06
2.487531000000000000e+06
2.487931000000000000e+06
2.489998000000000000e+06
2.491064000000000000e+06
2.491464000000000000e+06
2.493532000000000000e+06
2.494599000000000000e+06
2.495665000000000000e+06
2.496733000000000000e+06
2.497798000000000000e+06
2.498198000000000000e+06
2.500266000000000000e+06
2.501332000000000000e+06
2.501732000000000000e+06
2.503801000000000000e+06
2.504867000000000000e+06
2.505267000000000000e+06
2.507334000000000000e+06
2.508400000000000000e+06
2.509467000000000000e+06
2.509867000000000000e+06
2.511933000000000000e+06
2.513000000000000000e+06
2.513400000000000000e+06
2.515467000000000000e+06
2.516533000000000000e+06
2.517602000000000000e+06
2.518667000000000000e+06
2.519736000000000000e+06
2.520136000000000000e+06
2.522203000000000000e+06
2.523269000000000000e+06
2.523669000000000000e+06
2.525735000000000000e+06
2.526801000000000000e+06
2.527201000000000000e+06
2.529269000000000000e+06
2.530336000000000000e+06
2.531403000000000000e+06
2.532469000000000000e+06
2.532869000000000000e+06
2.534936000000000000e+06
2.536002000000000000e+06
2.536402000000000000e+06
2.538470000000000000e+06
2.539537000000000000e+06
2.539937000000000000e+06
2.542005000000000000e+06
2.543070000000000000e+06
2.544137000000000000e+06
2.545204000000000000e+06
2.545604000000000000e+06
2.547671000000000000e+06
2.548738000000000000e+06
2.549138000000000000e+06
2.551206000000000000e+06
2.552272000000000000e+06
2.553339000000000000e+06
2.554405000000000000e+06
2.554805000000000000e+06
2.556872000000000000e+06
2.557940000000000000e+06
2.558340000000000000e+06
2.560405000000000000e+06
2.561474000000000000e+06
2.561874000000000000e+06
2.563941000000000000e+06
2.565007000000000000e+06
2.565407000000000000e+06
2.567473000000000000e+06
2.568541000000000000e+06
2.569608000000000000e+06
2.570675000000000000e+06
2.571741000000000000e+06
2.572141000000000000e+06
2.574206000000000000e+06
2.575275000000000000e+06
2.576341000000000000e+06
2.577407000000000000e+06
2.578475000000000000e+06
2.578875000000000000e+06
2.580943000000000000e+06
2.582008000000000000e+06
2.583075000000000000e+06
2.584142000000000000e+06
2.584542000000000000e+06
2.586610000000000000e+06
2.587676000000000000e+06
2.588743000000000000e+06
2.589810000000000000e+06
2.590210000000000000e+06
2.592277000000000000e+06
2.593343000000000000e+06
2.593743000000000000e+06
2.595809000000000000e+06
2.596876000000000000e+06
2.597943000000000000e+06
2.599009000000000000e+06
2.600078000000000000e+06
2.600478000000000000e+06
2.602544000000000000e+06
2.603611000000000000e+06
2.604678000000000000e+06
2.605744000000000000e+06
2.606144000000000000e+06
2.608212000000000000e+06
2.609278000000000000e+06
2.610345000000000000e+06
2.611411000000000000e+06
2.612480000000000000e+06
2.612880000000000000e+06
2.614947000000000000e+06
2.616013000000000000e+06
2.616413000000000000e+06
2.618478000000000000e+06
2.619547000000000000e+06
2.619947000000000000e+06
2.622013000000000000e+06
2.623079000000000000e+06
2.624148000000000000e+06
2.625214000000000000e+06
2.625614000000000000e+06
2.627680000000000000e+06
2.628748000000000000e+06
2.629148000000000000e+06
2.631215000000000000e+06
2.632282000000000000e+06
2.633348000000000000e+06
2.634414000000000000e+06
2.635481000000000000e+06
2.635881000000000000e+06
2.637947000000000000e+06
2.639016000000000000e+06
2.640083000000000000e+06
2.641149000000000000e+06
2.641549000000000000e+06
2.643615000000000000e+06
2.644683000000000000e+06
2.645083000000000000e+06
2.647149000000000000e+06
2.648216000000000000e+06
2.648616000000000000e+06
2.650684000000000000e+06
2.651750000000000000e+06
2.652817000000000000e+06
2.653883000000000000e+06
2.654283000000000000e+06
2.656351000000000000e+06
2.657418000000000000e+06
2.657818000000000000e+06
2.659884000000000000e+06
2.660951000000000000e+06
2.662018000000000000e+06
2.663084000000000000e+06
2.664150000000000000e+06
2.664550000000000000e+06
2.666618000000000000e+06
2.667685000000000000e+06
2.668085000000000000e+06
2.670153000000000000e+06
2.671220000000000000e+06
2.671620000000000000e+06
2.673685000000000000e+06
2.674754000000000000e+06
2.675820000000000000e+06
2.676887000000000000e+06
2.677287000000000000e+06
2.679354000000000000e+06
2.680421000000000000e+06
2.680821000000000000e+06
2.682888000000000000e+06
2.683954000000000000e+06
2.685021000000000000e+06
2.686088000000000000e+06
2.686488000000000000e+06
2.688555000000000000e+06
2.689622000000000000e+06
2.690022000000000000e+06
2.692089000000000000e+06
2.693156000000000000e+06
2.694222000000000000e+06
2.695288000000000000e+06
2.695688000000000000e+06
2.697754000000000000e+06
2.698823000000000000e+06
2.699890000000000000e+06
2.700290000000000000e+06
2.702355000000000000e+06
2.703423000000000000e+06
2.704490000000000000e+06
2.705556000000000000e+06
2.705956000000000000e+06
2.708023000000000000e+06
2.709090000000000000e+06
2.710156000000000000e+06
2.711223000000000000e+06
2.711623000000000000e+06
2.713690000000000000e+06
2.714757000000000000e+06
2.715823000000000000e+06
2.716891000000000000e+06
2.717958000000000000e+06
2.718358000000000000e+06
2.720425000000000000e+06
2.721491000000000000e+06
2.722558000000000000e+06
2.723625000000000000e+06
2.724025000000000000e+06
2.726092000000000000e+06
2.727158000000000000e+06
2.727558000000000000e+06
2.729625000000000000e+06
2.730692000000000000e+06
2.731760000000000000e+06
2.732825000000000000e+06
2.733892000000000000e+06
2.734292000000000000e+06
2.736359000000000000e+06
2.737426000000000000e+06
2.738494000000000000e+06
2.739561000000000000e+06
2.740629000000000000e+06
2.741029000000000000e+06
2.743095000000000000e+06
2.744160000000000000e+06
2.744560000000000000e+06
2.746627000000000000e+06
2.747693000000000000e+06
2.748762000000000000e+06
2.749828000000000000e+06
2.750228000000000000e+06
2.752295000000000000e+06
2.753362000000000000e+06
2.753762000000000000e+06
2.755829000000000000e+06
2.756896000000000000e+06
2.757296000000000000e+06
2.759363000000000000e+06
2.760430000000000000e+06
2.761496000000000000e+06
2.762563000000000000e+06
2.762963000000000000e+06
2.765029000000000000e+06
2.766096000000000000e+06
2.767164000000000000e+06
2.767564000000000000e+06
2.769630000000000000e+06
2.770698000000000000e+06
2.771098000000000000e+06
2.773163000000000000e+06
2.774231000000000000e+06
2.774631000000000000e+06
2.776698000000000000e+06
2.777765000000000000e+06
2.778831000000000000e+06
2.779898000000000000e+06
2.780298000000000000e+06
2.782365000000000000e+06
2.783431000000000000e+06
2.784498000000000000e+06
2.784898000000000000e+06
2.786965000000000000e+06
2.788031000000000000e+06
2.788431000000000000e+06
2.790498000000000000e+06
2.791567000000000000e+06
2.791967000000000000e+06
2.794034000000000000e+06
2.795100000000000000e+06
2.796166000000000000e+06
2.797233000000000000e+06
2.797633000000000000e+06
2.874177000000000000e+06
2.874399000000000000e+06
2.874724000000000000e+06
2.876448000000000000e+06
2.878536000000000000e+06
2.878847000000000000e+06
2.880492000000000000e+06
2.882504000000000000e+06
2.882896000000000000e+06
2.884017000000000000e+06
2.886082000000000000e+06
2.886219000000000000e+06
2.886929000000000000e+06
2.887275000000000000e+06
2.888428000000000000e+06
2.890457000000000000e+06
2.890802000000000000e+06
2.891402000000000000e+06
2.891706000000000000e+06
2.892543000000000000e+06
2.894582000000000000e+06
2.895163000000000000e+06
2.896558000000000000e+06
2.898769000000000000e+06
2.898994000000000000e+06
2.899524000000000000e+06
2.899778000000000000e+06
2.900026000000000000e+06
2.900973000000000000e+06
2.903019000000000000e+06
2.903181000000000000e+06
2.903724000000000000e+06
2.903966000000000000e+06
2.905163000000000000e+06
2.907378000000000000e+06
2.907545000000000000e+06
2.908066000000000000e+06
2.908220000000000000e+06
2.908591000000000000e+06
2.909780000000000000e+06
2.912128000000000000e+06
2.912464000000000000e+06
2.914061000000000000e+06
2.916737000000000000e+06
2.917064000000000000e+06
2.917308000000000000e+06
2.917518000000000000e+06
2.918098000000000000e+06
2.919306000000000000e+06
2.921612000000000000e+06
2.921798000000000000e+06
2.923360000000000000e+06
2.925361000000000000e+06
2.925604000000000000e+06
2.926184000000000000e+06
2.927687000000000000e+06
2.929986000000000000e+06
2.930272000000000000e+06
2.930591000000000000e+06
2.931288000000000000e+06
2.931419000000000000e+06
2.933155000000000000e+06
2.935549000000000000e+06
2.935949000000000000e+06
2.936314000000000000e+06
2.936616000000000000e+06
2.937351000000000000e+06
2.938745000000000000e+06
2.940923000000000000e+06
2.941171000000000000e+06
2.941943000000000000e+06
2.942069000000000000e+06
2.943848000000000000e+06
2.945954000000000000e+06
2.946236000000000000e+06
2.946734000000000000e+06
2.948124000000000000e+06
2.950329000000000000e+06
2.950527000000000000e+06
2.952306000000000000e+06
2.954735000000000000e+06
2.954985000000000000e+06
2.955730000000000000e+06
2.955885000000000000e+06
2.956324000000000000e+06
2.957662000000000000e+06
2.960297000000000000e+06
2.960746000000000000e+06
2.960919000000000000e+06
2.961119000000000000e+06
2.961643000000000000e+06
2.962602000000000000e+06
2.964922000000000000e+06
2.965677000000000000e+06
2.967297000000000000e+06
2.969422000000000000e+06
2.969788000000000000e+06
2.971295000000000000e+06
2.973422000000000000e+06
2.973747000000000000e+06
2.974057000000000000e+06
2.974316000000000000e+06
2.974738000000000000e+06
2.975703000000000000e+06
2.977875000000000000e+06
2.978361000000000000e+06
2.978922000000000000e+06
2.979132000000000000e+06
2.979527000000000000e+06
2.981073000000000000e+06
2.983124000000000000e+06
2.983538000000000000e+06
2.984735000000000000e+06
2.986874000000000000e+06
2.987370000000000000e+06
2.988903000000000000e+06
2.991686000000000000e+06
2.992469000000000000e+06
2.994651000000000000e+06
2.996811000000000000e+06
2.997129000000000000e+06
2.997505000000000000e+06
2.999259000000000000e+06
3.001264000000000000e+06
3.001496000000000000e+06
3.002196000000000000e+06
3.002679000000000000e+06
3.002857000000000000e+06
3.003732000000000000e+06
3.005795000000000000e+06
3.006156000000000000e+06
3.006594000000000000e+06
3.008361000000000000e+06
3.010482000000000000e+06
3.011068000000000000e+06
3.011641000000000000e+06
3.011844000000000000e+06
3.013056000000000000e+06
3.015482000000000000e+06
3.016159000000000000e+06
3.017634000000000000e+06
3.020357000000000000e+06
3.020623000000000000e+06
3.021188000000000000e+06
3.021421000000000000e+06
3.023173000000000000e+06
3.025591000000000000e+06
3.026028000000000000e+06
3.026491000000000000e+06
3.026867000000000000e+06
3.027921000000000000e+06
3.030372000000000000e+06
3.030639000000000000e+06
3.031093000000000000e+06
3.032994000000000000e+06
3.034997000000000000e+06
3.035374000000000000e+06
3.035825000000000000e+06
3.036039000000000000e+06
3.036492000000000000e+06
3.037522000000000000e+06
3.039622000000000000e+06
3.039981000000000000e+06
3.040411000000000000e+06
3.040545000000000000e+06
3.041786000000000000e+06
3.044090000000000000e+06
3.044646000000000000e+06
3.045301000000000000e+06
3.045771000000000000e+06
3.047091000000000000e+06
3.049090000000000000e+06
3.050094000000000000e+06
3.052430000000000000e+06
3.054840000000000000e+06
3.055128000000000000e+06
3.056685000000000000e+06
3.059339000000000000e+06
3.059772000000000000e+06
3.061193000000000000e+06
3.063652000000000000e+06
3.063821000000000000e+06
3.064574000000000000e+06
3.064696000000000000e+06
3.066378000000000000e+06
3.068433000000000000e+06
3.068768000000000000e+06
3.069201000000000000e+06
3.069739000000000000e+06
3.071103000000000000e+06
3.073323000000000000e+06
3.073615000000000000e+06
3.074060000000000000e+06
3.074690000000000000e+06
3.074950000000000000e+06
3.075767000000000000e+06
3.078026000000000000e+06
3.078364000000000000e+06
3.079985000000000000e+06
3.082276000000000000e+06
3.082790000000000000e+06
3.084484000000000000e+06
3.086557000000000000e+06
3.087050000000000000e+06
3.089088000000000000e+06
3.091119000000000000e+06
3.091482000000000000e+06
3.092130000000000000e+06
3.092429000000000000e+06
3.093190000000000000e+06
3.095338000000000000e+06
3.095844000000000000e+06
3.097661000000000000e+06
3.100306000000000000e+06
3.100921000000000000e+06
3.102417000000000000e+06
3.104743000000000000e+06
3.105173000000000000e+06
3.106978000000000000e+06
3.109087000000000000e+06
3.109402000000000000e+06
3.111071000000000000e+06
3.113274000000000000e+06
3.113495000000000000e+06
3.114221000000000000e+06
3.114564000000000000e+06
3.116017000000000000e+06
3.118274000000000000e+06
3.118813000000000000e+06
3.119700000000000000e+06
3.119854000000000000e+06
3.121720000000000000e+06
3.123961000000000000e+06
3.124654000000000000e+06
3.125274000000000000e+06
3.125569000000000000e+06
3.126293000000000000e+06
3.128399000000000000e+06
3.128674000000000000e+06
3.130494000000000000e+06
3.133289000000000000e+06
3.133579000000000000e+06
3.133877000000000000e+06
3.134421000000000000e+06
3.134500000000000000e+06
3.135312000000000000e+06
3.137390000000000000e+06
3.137578000000000000e+06
3.138028000000000000e+06
3.139937000000000000e+06
3.142015000000000000e+06
3.142477000000000000e+06
3.142953000000000000e+06
3.143285000000000000e+06
3.143555000000000000e+06
3.144596000000000000e+06
3.146859000000000000e+06
3.147435000000000000e+06
3.148826000000000000e+06
3.151421000000000000e+06
3.151715000000000000e+06
3.152133000000000000e+06
3.153110000000000000e+06
3.155233000000000000e+06
3.155500000000000000e+06
3.155827000000000000e+06
3.156064000000000000e+06
3.156439000000000000e+06
3.157588000000000000e+06
3.159733000000000000e+06
3.159971000000000000e+06
3.160556000000000000e+06
3.160718000000000000e+06
3.161796000000000000e+06
3.164577000000000000e+06
3.164711000000000000e+06
3.165215000000000000e+06
3.165759000000000000e+06
3.165879000000000000e+06
3.167224000000000000e+06
3.169326000000000000e+06
3.169603000000000000e+06
3.169922000000000000e+06
3.170206000000000000e+06
3.171620000000000000e+06
3.173920000000000000e+06
3.174191000000000000e+06
3.174631000000000000e+06
3.174978000000000000e+06
3.175795000000000000e+06
3.176856000000000000e+06
3.179295000000000000e+06
3.179568000000000000e+06
3.180253000000000000e+06
3.180771000000000000e+06
3.181040000000000000e+06
3.181941000000000000e+06
3.183998000000000000e+06
3.184519000000000000e+06
3.184934000000000000e+06
3.185251000000000000e+06
3.185708000000000000e+06
3.186936000000000000e+06
3.188997000000000000e+06
3.189304000000000000e+06
3.190663000000000000e+06
3.192872000000000000e+06
3.193292000000000000e+06
3.194107000000000000e+06
3.194349000000000000e+06
3.195298000000000000e+06
3.197872000000000000e+06
3.198180000000000000e+06
3.199858000000000000e+06
3.201997000000000000e+06
3.202298000000000000e+06
3.202827000000000000e+06
3.203043000000000000e+06
3.203480000000000000e+06
3.205104000000000000e+06
3.207184000000000000e+06
3.207503000000000000e+06
3.209293000000000000e+06
3.211309000000000000e+06
3.211597000000000000e+06
3.212134000000000000e+06
3.212618000000000000e+06
3.212836000000000000e+06
3.214260000000000000e+06
3.216277000000000000e+06
3.216537000000000000e+06
3.217021000000000000e+06
3.217350000000000000e+06
3.219260000000000000e+06
3.221339000000000000e+06
3.221679000000000000e+06
3.222097000000000000e+06
3.222470000000000000e+06
3.222587000000000000e+06
3.223819000000000000e+06
3.225870000000000000e+06
3.226158000000000000e+06
3.226862000000000000e+06
3.228162000000000000e+06
3.230339000000000000e+06
3.230621000000000000e+06
3.231242000000000000e+06
3.232968000000000000e+06
3.235182000000000000e+06
3.235446000000000000e+06
3.236032000000000000e+06
3.236272000000000000e+06
3.237571000000000000e+06
3.239932000000000000e+06
3.240111000000000000e+06
3.240714000000000000e+06
3.241043000000000000e+06
3.242109000000000000e+06
3.244713000000000000e+06
3.244931000000000000e+06
3.246400000000000000e+06
3.248826000000000000e+06
3.249064000000000000e+06
3.249557000000000000e+06
3.249794000000000000e+06
3.250510000000000000e+06
3.251491000000000000e+06
3.253810000000000000e+06
3.254017000000000000e+06
3.255225000000000000e+06
3.255607000000000000e+06
3.256738000000000000e+06
3.258998000000000000e+06
3.259594000000000000e+06
3.261464000000000000e+06
3.263997000000000000e+06
3.264401000000000000e+06
3.264768000000000000e+06
3.265203000000000000e+06
3.266160000000000000e+06
3.268466000000000000e+06
3.269136000000000000e+06
3.270593000000000000e+06
3.272778000000000000e+06
3.273076000000000000e+06
3.273537000000000000e+06
3.274589000000000000e+06
3.276778000000000000e+06
3.277409000000000000e+06
3.278963000000000000e+06
3.280965000000000000e+06
3.281448000000000000e+06
3.282984000000000000e+06
3.285028000000000000e+06
3.285459000000000000e+06
3.287348000000000000e+06
3.289465000000000000e+06
3.289700000000000000e+06
3.290183000000000000e+06
3.291556000000000000e+06
3.293699000000000000e+06
3.293944000000000000e+06
3.294587000000000000e+06
3.295922000000000000e+06
3.298394000000000000e+06
3.298610000000000000e+06
3.300120000000000000e+06
3.302363000000000000e+06
3.303167000000000000e+06
3.304685000000000000e+06
3.306862000000000000e+06
3.307184000000000000e+06
3.307533000000000000e+06
3.307833000000000000e+06
3.309045000000000000e+06
3.311862000000000000e+06
3.312063000000000000e+06
3.312609000000000000e+06
3.313522000000000000e+06
3.313821000000000000e+06
3.314736000000000000e+06
3.316862000000000000e+06
3.317273000000000000e+06
3.317774000000000000e+06
3.319421000000000000e+06
3.321612000000000000e+06
3.321910000000000000e+06
3.322313000000000000e+06
3.323876000000000000e+06
3.326111000000000000e+06
3.326296000000000000e+06
3.326894000000000000e+06
3.327073000000000000e+06
3.328462000000000000e+06
3.330471000000000000e+06
3.331140000000000000e+06
3.332391000000000000e+06
3.334595000000000000e+06
3.335358000000000000e+06
3.337024000000000000e+06
3.339033000000000000e+06
3.339318000000000000e+06
3.339702000000000000e+06
3.339975000000000000e+06
3.341088000000000000e+06
3.343595000000000000e+06
3.344059000000000000e+06
3.344528000000000000e+06
3.345868000000000000e+06
3.347907000000000000e+06
3.348690000000000000e+06
3.350236000000000000e+06
3.352969000000000000e+06
3.353392000000000000e+06
3.354968000000000000e+06
3.357422000000000000e+06
3.357718000000000000e+06
3.358110000000000000e+06
3.359327000000000000e+06
3.361328000000000000e+06
3.361615000000000000e+06
3.362219000000000000e+06
3.363560000000000000e+06
3.365758000000000000e+06
3.366360000000000000e+06
3.367567000000000000e+06
3.370008000000000000e+06
3.370174000000000000e+06
3.370728000000000000e+06
3.371263000000000000e+06
3.372930000000000000e+06
3.375007000000000000e+06
3.375655000000000000e+06
3.376670000000000000e+06
3.378757000000000000e+06
3.379149000000000000e+06
3.379815000000000000e+06
3.380049000000000000e+06
3.381663000000000000e+06
3.384061000000000000e+06
3.384209000000000000e+06
3.384437000000000000e+06
3.384700000000000000e+06
3.385305000000000000e+06
3.386569000000000000e+06
3.388655000000000000e+06
3.389503000000000000e+06
3.391137000000000000e+06
3.393155000000000000e+06
3.393337000000000000e+06
3.394004000000000000e+06
3.394156000000000000e+06
3.394951000000000000e+06
3.397014000000000000e+06
3.397416000000000000e+06
3.397818000000000000e+06
3.398101000000000000e+06
3.398938000000000000e+06
3.399838000000000000e+06
3.401951000000000000e+06
3.402384000000000000e+06
3.403905000000000000e+06
3.406576000000000000e+06
3.406911000000000000e+06
3.407440000000000000e+06
3.407755000000000000e+06
3.408101000000000000e+06
3.409149000000000000e+06
3.411501000000000000e+06
3.411764000000000000e+06
3.413495000000000000e+06
3.416048000000000000e+06
3.416430000000000000e+06
3.416999000000000000e+06
3.417153000000000000e+06
3.418306000000000000e+06
3.420423000000000000e+06
3.420710000000000000e+06
3.421014000000000000e+06
3.422517000000000000e+06
3.424751000000000000e+06
3.425326000000000000e+06
3.427441000000000000e+06
3.429532000000000000e+06
3.430055000000000000e+06
3.431196000000000000e+06
3.433485000000000000e+06
3.433849000000000000e+06
3.434096000000000000e+06
3.434364000000000000e+06
3.434882000000000000e+06
3.436222000000000000e+06
3.438422000000000000e+06
3.438902000000000000e+06
3.439156000000000000e+06
3.439303000000000000e+06
3.439922000000000000e+06
3.440842000000000000e+06
3.443203000000000000e+06
3.443709000000000000e+06
3.445140000000000000e+06
3.447140000000000000e+06
3.447333000000000000e+06
3.448534000000000000e+06
3.451562000000000000e+06
3.451844000000000000e+06
3.452148000000000000e+06
3.452351000000000000e+06
3.452817000000000000e+06
3.453754000000000000e+06
3.455765000000000000e+06
3.455946000000000000e+06
3.456695000000000000e+06
3.456886000000000000e+06
3.458061000000000000e+06
3.460140000000000000e+06
3.460423000000000000e+06
3.460875000000000000e+06
3.462201000000000000e+06
3.464733000000000000e+06
3.464988000000000000e+06
3.465539000000000000e+06
3.466122000000000000e+06
3.466319000000000000e+06
3.467861000000000000e+06
3.469960000000000000e+06
3.470398000000000000e+06
3.470986000000000000e+06
3.471154000000000000e+06
3.472032000000000000e+06
3.474053000000000000e+06
3.474442000000000000e+06
3.475056000000000000e+06
3.475412000000000000e+06
3.476229000000000000e+06
3.478740000000000000e+06
3.479174000000000000e+06
3.479554000000000000e+06
3.479863000000000000e+06
3.480355000000000000e+06
3.481308000000000000e+06
3.483459000000000000e+06
3.483859000000000000e+06
3.485010000000000000e+06
3.487302000000000000e+06
3.488073000000000000e+06
3.489551000000000000e+06
3.491771000000000000e+06
3.491952000000000000e+06
3.492532000000000000e+06
3.492755000000000000e+06
3.494298000000000000e+06
3.496427000000000000e+06
3.497052000000000000e+06
3.498729000000000000e+06
3.500864000000000000e+06
3.501171000000000000e+06
3.502646000000000000e+06
3.504864000000000000e+06
3.505044000000000000e+06
3.505676000000000000e+06
3.505876000000000000e+06
3.507303000000000000e+06
3.509426000000000000e+06
3.510013000000000000e+06
3.511598000000000000e+06
3.513926000000000000e+06
3.514129000000000000e+06
3.514568000000000000e+06
3.515289000000000000e+06
3.515406000000000000e+06
3.516419000000000000e+06
3.518613000000000000e+06
3.518928000000000000e+06
3.520044000000000000e+06
3.520409000000000000e+06
3.520687000000000000e+06
3.521928000000000000e+06
3.524207000000000000e+06
3.524769000000000000e+06
3.525177000000000000e+06
3.526442000000000000e+06
3.528707000000000000e+06
3.529134000000000000e+06
3.530705000000000000e+06
3.533206000000000000e+06
3.533420000000000000e+06
3.533892000000000000e+06
3.534274000000000000e+06
3.535238000000000000e+06
3.537269000000000000e+06
3.537499000000000000e+06
3.537893000000000000e+06
3.538135000000000000e+06
3.538625000000000000e+06
3.539452000000000000e+06
3.541456000000000000e+06
3.541928000000000000e+06
3.542169000000000000e+06
3.543554000000000000e+06
3.545924000000000000e+06
3.546214000000000000e+06
3.548025000000000000e+06
3.550065000000000000e+06
3.550311000000000000e+06
3.550959000000000000e+06
3.552113000000000000e+06
3.554440000000000000e+06
3.554656000000000000e+06
3.555180000000000000e+06
3.556716000000000000e+06
3.558752000000000000e+06
3.559084000000000000e+06
3.559377000000000000e+06
3.559664000000000000e+06
3.560026000000000000e+06
3.561094000000000000e+06
3.563189000000000000e+06
3.563431000000000000e+06
3.564909000000000000e+06
3.652064000000000000e+06
3.653133000000000000e+06
3.653533000000000000e+06
3.655599000000000000e+06
3.656665000000000000e+06
3.657065000000000000e+06
3.659132000000000000e+06
3.660200000000000000e+06
3.660600000000000000e+06
3.662666000000000000e+06
3.663733000000000000e+06
3.664133000000000000e+06
3.666200000000000000e+06
3.667266000000000000e+06
3.668333000000000000e+06
3.669400000000000000e+06
3.669800000000000000e+06
3.671867000000000000e+06
3.672933000000000000e+06
3.674000000000000000e+06
3.675067000000000000e+06
3.675467000000000000e+06
3.677534000000000000e+06
3.678600000000000000e+06
3.679669000000000000e+06
3.680735000000000000e+06
3.681135000000000000e+06
3.683202000000000000e+06
3.684269000000000000e+06
3.685335000000000000e+06
3.685735000000000000e+06
3.687802000000000000e+06
3.688869000000000000e+06
3.689936000000000000e+06
3.691002000000000000e+06
3.692069000000000000e+06
3.692469000000000000e+06
3.694536000000000000e+06
3.695602000000000000e+06
3.696002000000000000e+06
3.698072000000000000e+06
3.699137000000000000e+06
3.699537000000000000e+06
3.701604000000000000e+06
3.702671000000000000e+06
3.703738000000000000e+06
3.704805000000000000e+06
3.705205000000000000e+06
3.707271000000000000e+06
3.708338000000000000e+06
3.709405000000000000e+06
3.710472000000000000e+06
3.710872000000000000e+06
3.712940000000000000e+06
3.714006000000000000e+06
3.715073000000000000e+06
3.716140000000000000e+06
3.717205000000000000e+06
3.717605000000000000e+06
3.719672000000000000e+06
3.720740000000000000e+06
3.721806000000000000e+06
3.722206000000000000e+06
3.724273000000000000e+06
3.725340000000000000e+06
3.726407000000000000e+06
3.726807000000000000e+06
3.728873000000000000e+06
3.729941000000000000e+06
3.731008000000000000e+06
3.731408000000000000e+06
3.733474000000000000e+06
3.734540000000000000e+06
3.735608000000000000e+06
3.736008000000000000e+06
3.738075000000000000e+06
3.739141000000000000e+06
3.740208000000000000e+06
3.740608000000000000e+06
3.742675000000000000e+06
3.743741000000000000e+06
3.744808000000000000e+06
3.745877000000000000e+06
3.746944000000000000e+06
3.747344000000000000e+06
3.749410000000000000e+06
3.750477000000000000e+06
3.751544000000000000e+06
3.751944000000000000e+06
3.754011000000000000e+06
3.755077000000000000e+06
3.756143000000000000e+06
3.757211000000000000e+06
3.757611000000000000e+06
3.759678000000000000e+06
3.760744000000000000e+06
3.761144000000000000e+06
3.763211000000000000e+06
3.764278000000000000e+06
3.765344000000000000e+06
3.766411000000000000e+06
3.766811000000000000e+06
3.768879000000000000e+06
3.769946000000000000e+06
3.771012000000000000e+06
3.771412000000000000e+06
3.773480000000000000e+06
3.774546000000000000e+06
3.775612000000000000e+06
3.776680000000000000e+06
3.777746000000000000e+06
3.778146000000000000e+06
3.780213000000000000e+06
3.781280000000000000e+06
3.782346000000000000e+06
3.782746000000000000e+06
3.784813000000000000e+06
3.785880000000000000e+06
3.786280000000000000e+06
3.788346000000000000e+06
3.789413000000000000e+06
3.790480000000000000e+06
3.791549000000000000e+06
3.792615000000000000e+06
3.793015000000000000e+06
3.795081000000000000e+06
3.796148000000000000e+06
3.796548000000000000e+06
3.798614000000000000e+06
3.799683000000000000e+06
3.800750000000000000e+06
3.801816000000000000e+06
3.802882000000000000e+06
3.803282000000000000e+06
3.805348000000000000e+06
3.806415000000000000e+06
3.807484000000000000e+06
3.808550000000000000e+06
3.808950000000000000e+06
3.811016000000000000e+06
3.812083000000000000e+06
3.812483000000000000e+06
3.814549000000000000e+06
3.815617000000000000e+06
3.816685000000000000e+06
3.817751000000000000e+06
3.818818000000000000e+06
3.819218000000000000e+06
3.821285000000000000e+06
3.822352000000000000e+06
3.823418000000000000e+06
3.824485000000000000e+06
3.825551000000000000e+06
3.825951000000000000e+06
3.828019000000000000e+06
3.829086000000000000e+06
3.829486000000000000e+06
3.831553000000000000e+06
3.832618000000000000e+06
3.833685000000000000e+06
3.834752000000000000e+06
3.835152000000000000e+06
3.837219000000000000e+06
3.838286000000000000e+06
3.839354000000000000e+06
3.840420000000000000e+06
3.840820000000000000e+06
3.842888000000000000e+06
3.843955000000000000e+06
3.845021000000000000e+06
3.845421000000000000e+06
3.847488000000000000e+06
3.848553000000000000e+06
3.849621000000000000e+06
3.850687000000000000e+06
3.851087000000000000e+06
3.853154000000000000e+06
3.854220000000000000e+06
3.855289000000000000e+06
3.856354000000000000e+06
3.856754000000000000e+06
3.858821000000000000e+06
3.859888000000000000e+06
3.860288000000000000e+06
3.862355000000000000e+06
3.863422000000000000e+06
3.864488000000000000e+06
3.865557000000000000e+06
3.866624000000000000e+06
3.867024000000000000e+06
3.869090000000000000e+06
3.870156000000000000e+06
3.871222000000000000e+06
3.872291000000000000e+06
3.873357000000000000e+06
3.873757000000000000e+06
3.875823000000000000e+06
3.876892000000000000e+06
3.877958000000000000e+06
3.879024000000000000e+06
3.880092000000000000e+06
3.880492000000000000e+06
3.882559000000000000e+06
3.883625000000000000e+06
3.884691000000000000e+06
3.885758000000000000e+06
3.886826000000000000e+06
3.887226000000000000e+06
3.889293000000000000e+06
3.890360000000000000e+06
3.891426000000000000e+06
3.892493000000000000e+06
3.892893000000000000e+06
3.894959000000000000e+06
3.896026000000000000e+06
3.897092000000000000e+06
3.897492000000000000e+06
3.899561000000000000e+06
3.900628000000000000e+06
3.901695000000000000e+06
3.902761000000000000e+06
3.903827000000000000e+06
3.904227000000000000e+06
3.906294000000000000e+06
3.907362000000000000e+06
3.908427000000000000e+06
3.909495000000000000e+06
3.909895000000000000e+06
3.911963000000000000e+06
3.913029000000000000e+06
3.914096000000000000e+06
3.915163000000000000e+06
3.916228000000000000e+06
3.916628000000000000e+06
3.918697000000000000e+06
3.919762000000000000e+06
3.920829000000000000e+06
3.921896000000000000e+06
3.922963000000000000e+06
3.923363000000000000e+06
3.925430000000000000e+06
3.926496000000000000e+06
3.927562000000000000e+06
3.928631000000000000e+06
3.929031000000000000e+06
3.931096000000000000e+06
3.932164000000000000e+06
3.932564000000000000e+06
3.934630000000000000e+06
3.935698000000000000e+06
3.936764000000000000e+06
3.937164000000000000e+06
3.939230000000000000e+06
3.940297000000000000e+06
3.940697000000000000e+06
3.942764000000000000e+06
3.943832000000000000e+06
3.944232000000000000e+06
3.946298000000000000e+06
3.947366000000000000e+06
3.948431000000000000e+06
3.949500000000000000e+06
3.950566000000000000e+06
3.950966000000000000e+06
3.953033000000000000e+06
3.954100000000000000e+06
3.954500000000000000e+06
3.956566000000000000e+06
3.957634000000000000e+06
3.958034000000000000e+06
3.960101000000000000e+06
3.961168000000000000e+06
3.961568000000000000e+06
3.963634000000000000e+06
3.964700000000000000e+06
3.965767000000000000e+06
3.966835000000000000e+06
3.967902000000000000e+06
3.968302000000000000e+06
3.970369000000000000e+06
3.971435000000000000e+06
3.972501000000000000e+06
3.973568000000000000e+06
3.973968000000000000e+06
3.976036000000000000e+06
3.977103000000000000e+06
3.977503000000000000e+06
3.979571000000000000e+06
3.980637000000000000e+06
3.981037000000000000e+06
3.983103000000000000e+06
3.984171000000000000e+06
3.984571000000000000e+06
3.986638000000000000e+06
3.987704000000000000e+06
3.988104000000000000e+06
3.990171000000000000e+06
3.991237000000000000e+06
3.991637000000000000e+06
3.993704000000000000e+06
3.994770000000000000e+06
3.995837000000000000e+06
3.996906000000000000e+06
3.997306000000000000e+06
3.999371000000000000e+06
4.000438000000000000e+06
4.001504000000000000e+06
4.001904000000000000e+06
4.003973000000000000e+06
4.005038000000000000e+06
4.006106000000000000e+06
4.007173000000000000e+06
4.007573000000000000e+06
4.009638000000000000e+06
4.010707000000000000e+06
4.011773000000000000e+06
4.012839000000000000e+06
4.013907000000000000e+06
4.014307000000000000e+06
4.016373000000000000e+06
4.017440000000000000e+06
4.018507000000000000e+06
4.019573000000000000e+06
4.020641000000000000e+06
4.021041000000000000e+06
4.023108000000000000e+06
4.024174000000000000e+06
4.025241000000000000e+06
4.025641000000000000e+06
4.027708000000000000e+06
4.028775000000000000e+06
4.029175000000000000e+06
4.031243000000000000e+06
4.032309000000000000e+06
4.032709000000000000e+06
4.034776000000000000e+06
4.035842000000000000e+06
4.036242000000000000e+06
4.038309000000000000e+06
4.039376000000000000e+06
4.040442000000000000e+06
4.040842000000000000e+06
4.042909000000000000e+06
4.043976000000000000e+06
4.045042000000000000e+06
4.046109000000000000e+06
4.047176000000000000e+06
4.047576000000000000e+06
4.049643000000000000e+06
4.050711000000000000e+06
4.051777000000000000e+06
4.052844000000000000e+06
4.053910000000000000e+06
4.054310000000000000e+06
4.056378000000000000e+06
4.057444000000000000e+06
4.057844000000000000e+06
4.059912000000000000e+06
4.060979000000000000e+06
4.062046000000000000e+06
4.063112000000000000e+06
4.064179000000000000e+06
4.064579000000000000e+06
4.066646000000000000e+06
4.067714000000000000e+06
4.068114000000000000e+06
4.070180000000000000e+06
4.071246000000000000e+06
4.072313000000000000e+06
4.073379000000000000e+06
4.074446000000000000e+06
4.074846000000000000e+06
4.076914000000000000e+06
4.077982000000000000e+06
4.079048000000000000e+06
4.080115000000000000e+06
4.080515000000000000e+06
4.082581000000000000e+06
4.083647000000000000e+06
4.084047000000000000e+06
4.086114000000000000e+06
4.087181000000000000e+06
4.087581000000000000e+06
4.089649000000000000e+06
4.090716000000000000e+06
4.091116000000000000e+06
4.093183000000000000e+06
4.094250000000000000e+06
4.094650000000000000e+06
4.096717000000000000e+06
4.097784000000000000e+06
4.098850000000000000e+06
4.099917000000000000e+06
4.100983000000000000e+06
4.101383000000000000e+06
4.103449000000000000e+06
4.104517000000000000e+06
4.105584000000000000e+06
4.105984000000000000e+06
4.108051000000000000e+06
4.109118000000000000e+06
4.109518000000000000e+06
4.111585000000000000e+06
4.112652000000000000e+06
4.113718000000000000e+06
4.114784000000000000e+06
4.115851000000000000e+06
4.116251000000000000e+06
4.118318000000000000e+06
4.119385000000000000e+06
4.119785000000000000e+06
4.121852000000000000e+06
4.122919000000000000e+06
4.123986000000000000e+06
4.124386000000000000e+06
4.126454000000000000e+06
4.127520000000000000e+06
4.128586000000000000e+06
4.129653000000000000e+06
4.130053000000000000e+06
4.132121000000000000e+06
4.133187000000000000e+06
4.133587000000000000e+06
4.135653000000000000e+06
4.136720000000000000e+06
4.137788000000000000e+06
4.138854000000000000e+06
4.139921000000000000e+06
4.140321000000000000e+06
4.142387000000000000e+06
4.143454000000000000e+06
4.144522000000000000e+06
4.145589000000000000e+06
4.145989000000000000e+06
4.148055000000000000e+06
4.149122000000000000e+06
4.150188000000000000e+06
4.151255000000000000e+06
4.152318000000000000e+06
4.152718000000000000e+06
4.154791000000000000e+06
4.155857000000000000e+06
4.156257000000000000e+06
4.158324000000000000e+06
4.159391000000000000e+06
4.160457000000000000e+06
4.161523000000000000e+06
4.162591000000000000e+06
4.162991000000000000e+06
4.165058000000000000e+06
4.166125000000000000e+06
4.167191000000000000e+06
4.168257000000000000e+06
4.169324000000000000e+06
4.169724000000000000e+06
4.171792000000000000e+06
4.172858000000000000e+06
4.173924000000000000e+06
4.174991000000000000e+06
4.175391000000000000e+06
4.177458000000000000e+06
4.178526000000000000e+06
4.179593000000000000e+06
4.180659000000000000e+06
4.181059000000000000e+06
4.183125000000000000e+06
4.184193000000000000e+06
4.185259000000000000e+06
4.185659000000000000e+06
4.187726000000000000e+06
4.188793000000000000e+06
4.189193000000000000e+06
4.191259000000000000e+06
4.192326000000000000e+06
4.193393000000000000e+06
4.194460000000000000e+06
4.195527000000000000e+06
4.195927000000000000e+06
4.197994000000000000e+06
4.199060000000000000e+06
4.199460000000000000e+06
4.201527000000000000e+06
4.202594000000000000e+06
4.203662000000000000e+06
4.204729000000000000e+06
4.205129000000000000e+06
4.207196000000000000e+06
4.208263000000000000e+06
4.209329000000000000e+06
4.210396000000000000e+06
4.210796000000000000e+06
4.212862000000000000e+06
4.213929000000000000e+06
4.214996000000000000e+06
4.216063000000000000e+06
4.217129000000000000e+06
4.217529000000000000e+06
4.219598000000000000e+06
4.220665000000000000e+06
4.221731000000000000e+06
4.222798000000000000e+06
4.223865000000000000e+06
4.224265000000000000e+06
4.226330000000000000e+06
4.227397000000000000e+06
4.228466000000000000e+06
4.229532000000000000e+06
4.229932000000000000e+06
4.231999000000000000e+06
4.233066000000000000e+06
4.234132000000000000e+06
4.235198000000000000e+06
4.235598000000000000e+06
4.237666000000000000e+06
4.238732000000000000e+06
4.239801000000000000e+06
4.240865000000000000e+06
4.241932000000000000e+06
4.242332000000000000e+06
4.244399000000000000e+06
4.245466000000000000e+06
4.245866000000000000e+06
4.247934000000000000e+06
4.249000000000000000e+06
4.249400000000000000e+06
4.251467000000000000e+06
4.252535000000000000e+06
4.252935000000000000e+06
4.255002000000000000e+06
4.256069000000000000e+06
4.257135000000000000e+06
4.257535000000000000e+06
4.259602000000000000e+06
4.260669000000000000e+06
4.261069000000000000e+06
4.263134000000000000e+06
4.264201000000000000e+06
4.265270000000000000e+06
4.265670000000000000e+06
4.267737000000000000e+06
4.268803000000000000e+06
4.269203000000000000e+06
4.271269000000000000e+06
4.272335000000000000e+06
4.272735000000000000e+06
4.274802000000000000e+06
4.275870000000000000e+06
4.276937000000000000e+06
4.277337000000000000e+06
4.279404000000000000e+06
4.280471000000000000e+06
4.281538000000000000e+06
4.281938000000000000e+06
4.284005000000000000e+06
4.285071000000000000e+06
4.286138000000000000e+06
4.287204000000000000e+06
4.287604000000000000e+06
4.289671000000000000e+06
4.290738000000000000e+06
4.291806000000000000e+06
4.292206000000000000e+06
4.294271000000000000e+06
4.295338000000000000e+06
4.295738000000000000e+06
4.297806000000000000e+06
4.298872000000000000e+06
4.299272000000000000e+06
4.301341000000000000e+06
4.302407000000000000e+06
4.303473000000000000e+06
4.304540000000000000e+06
4.304940000000000000e+06
4.307000000000000000e+06
4.308073000000000000e+06
4.309140000000000000e+06
4.309540000000000000e+06
4.311606000000000000e+06
4.312675000000000000e+06
4.313742000000000000e+06
4.314809000000000000e+06
4.315209000000000000e+06
4.317275000000000000e+06
4.318342000000000000e+06
4.318742000000000000e+06
4.320810000000000000e+06
4.321876000000000000e+06
4.322943000000000000e+06
4.324010000000000000e+06
4.325076000000000000e+06
4.325476000000000000e+06
4.327542000000000000e+06
4.328609000000000000e+06
4.329676000000000000e+06
4.330742000000000000e+06
4.331811000000000000e+06
4.332211000000000000e+06
4.334276000000000000e+06
4.335343000000000000e+06
4.335743000000000000e+06
4.337810000000000000e+06
4.338877000000000000e+06
4.339277000000000000e+06
4.341344000000000000e+06
4.342410000000000000e+06
4.343478000000000000e+06
4.344544000000000000e+06
4.344944000000000000e+06
4.347012000000000000e+06
4.348077000000000000e+06
4.349144000000000000e+06
4.350211000000000000e+06
4.350611000000000000e+06
4.352678000000000000e+06
4.353747000000000000e+06
4.354147000000000000e+06
4.356214000000000000e+06
4.357278000000000000e+06
4.357678000000000000e+06
4.359747000000000000e+06
4.360814000000000000e+06
4.361881000000000000e+06
4.362946000000000000e+06
4.363346000000000000e+06
4.365413000000000000e+06
4.366480000000000000e+06
4.366880000000000000e+06
4.368946000000000000e+06
4.370015000000000000e+06
4.370415000000000000e+06
4.372480000000000000e+06
4.373547000000000000e+06
4.373947000000000000e+06
4.376015000000000000e+06
4.377081000000000000e+06
4.378147000000000000e+06
4.379215000000000000e+06
4.379615000000000000e+06
4.381681000000000000e+06
4.382750000000000000e+06
4.383817000000000000e+06
4.384883000000000000e+06
4.385949000000000000e+06
4.386349000000000000e+06
4.388416000000000000e+06
4.389483000000000000e+06
4.389883000000000000e+06
4.391950000000000000e+06
4.393016000000000000e+06
4.394083000000000000e+06
4.395150000000000000e+06
4.395550000000000000e+06
4.397616000000000000e+06
4.398683000000000000e+06
4.399751000000000000e+06
4.400819000000000000e+06
4.401219000000000000e+06
4.403284000000000000e+06
4.404353000000000000e+06
4.404753000000000000e+06
4.484206000000000000e+06
4.484343000000000000e+06
4.485053000000000000e+06
4.485399000000000000e+06
4.486552000000000000e+06
4.488581000000000000e+06
4.488805000000000000e+06
4.489336000000000000e+06
4.489590000000000000e+06
4.489838000000000000e+06
4.490785000000000000e+06
4.492831000000000000e+06
4.493207000000000000e+06
4.493659000000000000e+06
4.493872000000000000e+06
4.494326000000000000e+06
4.495356000000000000e+06
4.497455000000000000e+06
4.498017000000000000e+06
4.498426000000000000e+06
4.499691000000000000e+06
4.501955000000000000e+06
4.502273000000000000e+06
4.502648000000000000e+06
4.504403000000000000e+06
4.506408000000000000e+06
4.506743000000000000e+06
4.507176000000000000e+06
4.507714000000000000e+06
4.509078000000000000e+06
4.511298000000000000e+06
4.511710000000000000e+06
4.512210000000000000e+06
4.513857000000000000e+06
4.516048000000000000e+06
4.516370000000000000e+06
4.516719000000000000e+06
4.517019000000000000e+06
4.518231000000000000e+06
4.521048000000000000e+06
4.521367000000000000e+06
4.523156000000000000e+06
4.525173000000000000e+06
4.525798000000000000e+06
4.527475000000000000e+06
4.529610000000000000e+06
4.530043000000000000e+06
4.531564000000000000e+06
4.534235000000000000e+06
4.534382000000000000e+06
4.534610000000000000e+06
4.534874000000000000e+06
4.535478000000000000e+06
4.536742000000000000e+06
4.538828000000000000e+06
4.539049000000000000e+06
4.539775000000000000e+06
4.540118000000000000e+06
4.541571000000000000e+06
4.543828000000000000e+06
4.544334000000000000e+06
4.545765000000000000e+06
4.547765000000000000e+06
4.548039000000000000e+06
4.548724000000000000e+06
4.549241000000000000e+06
4.549510000000000000e+06
4.550411000000000000e+06
4.552468000000000000e+06
4.552930000000000000e+06
4.553406000000000000e+06
4.553738000000000000e+06
4.554008000000000000e+06
4.555049000000000000e+06
4.557312000000000000e+06
4.557701000000000000e+06
4.558315000000000000e+06
4.558671000000000000e+06
4.559487000000000000e+06
4.561999000000000000e+06
4.562307000000000000e+06
4.563985000000000000e+06
4.566124000000000000e+06
4.566322000000000000e+06
4.568101000000000000e+06
4.570530000000000000e+06
4.570816000000000000e+06
4.571134000000000000e+06
4.571831000000000000e+06
4.571963000000000000e+06
4.573698000000000000e+06
4.576092000000000000e+06
4.576606000000000000e+06
4.578300000000000000e+06
4.580373000000000000e+06
4.580845000000000000e+06
4.581085000000000000e+06
4.582471000000000000e+06
4.584841000000000000e+06
4.585510000000000000e+06
4.586761000000000000e+06
4.588966000000000000e+06
4.589251000000000000e+06
4.589635000000000000e+06
4.589909000000000000e+06
4.591022000000000000e+06
4.593528000000000000e+06
4.594199000000000000e+06
4.595655000000000000e+06
4.597841000000000000e+06
4.598129000000000000e+06
4.599686000000000000e+06
4.602340000000000000e+06
4.602777000000000000e+06
4.603241000000000000e+06
4.603616000000000000e+06
4.604670000000000000e+06
4.607122000000000000e+06
4.607437000000000000e+06
4.608553000000000000e+06
4.608917000000000000e+06
4.609195000000000000e+06
4.610436000000000000e+06
4.612715000000000000e+06
4.612897000000000000e+06
4.613564000000000000e+06
4.613717000000000000e+06
4.614511000000000000e+06
4.616574000000000000e+06
4.616775000000000000e+06
4.617321000000000000e+06
4.618234000000000000e+06
4.618533000000000000e+06
4.619448000000000000e+06
4.621574000000000000e+06
4.621933000000000000e+06
4.622363000000000000e+06
4.622497000000000000e+06
4.623738000000000000e+06
4.626042000000000000e+06
4.626813000000000000e+06
4.628291000000000000e+06
4.630511000000000000e+06
4.631007000000000000e+06
4.632540000000000000e+06
4.635323000000000000e+06
4.635539000000000000e+06
4.637049000000000000e+06
4.639292000000000000e+06
4.639894000000000000e+06
4.641101000000000000e+06
4.643541000000000000e+06
4.644219000000000000e+06
4.645693000000000000e+06
4.648416000000000000e+06
4.648865000000000000e+06
4.649038000000000000e+06
4.649237000000000000e+06
4.649761000000000000e+06
4.650721000000000000e+06
4.653041000000000000e+06
4.653329000000000000e+06
4.654032000000000000e+06
4.655333000000000000e+06
4.657509000000000000e+06
4.657837000000000000e+06
4.658080000000000000e+06
4.658291000000000000e+06
4.658871000000000000e+06
4.660078000000000000e+06
4.662384000000000000e+06
4.662786000000000000e+06
4.663189000000000000e+06
4.663471000000000000e+06
4.664308000000000000e+06
4.665208000000000000e+06
4.667321000000000000e+06
4.667744000000000000e+06
4.669320000000000000e+06
4.671774000000000000e+06
4.672260000000000000e+06
4.672822000000000000e+06
4.673031000000000000e+06
4.673427000000000000e+06
4.674973000000000000e+06
4.677024000000000000e+06
4.677424000000000000e+06
4.677790000000000000e+06
4.678091000000000000e+06
4.678826000000000000e+06
4.680221000000000000e+06
4.682399000000000000e+06
4.682738000000000000e+06
4.683157000000000000e+06
4.683529000000000000e+06
4.683647000000000000e+06
4.684878000000000000e+06
4.686930000000000000e+06
4.687361000000000000e+06
4.689250000000000000e+06
4.691367000000000000e+06
4.691906000000000000e+06
4.692793000000000000e+06
4.692947000000000000e+06
4.694813000000000000e+06
4.697054000000000000e+06
4.697355000000000000e+06
4.697884000000000000e+06
4.698101000000000000e+06
4.698538000000000000e+06
4.700161000000000000e+06
4.702241000000000000e+06
4.702472000000000000e+06
4.702866000000000000e+06
4.703108000000000000e+06
4.703598000000000000e+06
4.704425000000000000e+06
4.706429000000000000e+06
4.706795000000000000e+06
4.708302000000000000e+06
4.710429000000000000e+06
4.710710000000000000e+06
4.711332000000000000e+06
4.713057000000000000e+06
4.715272000000000000e+06
4.715465000000000000e+06
4.716666000000000000e+06
4.719694000000000000e+06
4.719980000000000000e+06
4.720584000000000000e+06
4.721925000000000000e+06
4.724123000000000000e+06
4.724361000000000000e+06
4.724946000000000000e+06
4.725108000000000000e+06
4.726186000000000000e+06
4.728967000000000000e+06
4.729446000000000000e+06
4.729700000000000000e+06
4.729848000000000000e+06
4.730467000000000000e+06
4.731386000000000000e+06
4.733748000000000000e+06
4.734130000000000000e+06
4.734698000000000000e+06
4.734853000000000000e+06
4.736005000000000000e+06
4.738122000000000000e+06
4.738970000000000000e+06
4.740605000000000000e+06
4.742622000000000000e+06
4.742912000000000000e+06
4.744723000000000000e+06
4.746762000000000000e+06
4.747348000000000000e+06
4.747921000000000000e+06
4.748124000000000000e+06
4.749336000000000000e+06
4.751762000000000000e+06
4.752000000000000000e+06
4.752493000000000000e+06
4.752730000000000000e+06
4.753446000000000000e+06
4.754427000000000000e+06
4.756746000000000000e+06
4.757378000000000000e+06
4.758932000000000000e+06
4.760934000000000000e+06
4.761298000000000000e+06
4.761545000000000000e+06
4.761813000000000000e+06
4.762330000000000000e+06
4.763671000000000000e+06
4.765871000000000000e+06
4.766634000000000000e+06
4.768299000000000000e+06
4.770308000000000000e+06
4.770624000000000000e+06
4.772292000000000000e+06
4.774496000000000000e+06
4.774699000000000000e+06
4.775138000000000000e+06
4.775858000000000000e+06
4.775976000000000000e+06
4.776989000000000000e+06
4.779183000000000000e+06
4.779446000000000000e+06
4.780032000000000000e+06
4.780272000000000000e+06
4.781571000000000000e+06
4.783933000000000000e+06
4.784114000000000000e+06
4.784862000000000000e+06
4.785054000000000000e+06
4.786229000000000000e+06
4.788307000000000000e+06
4.788741000000000000e+06
4.789121000000000000e+06
4.789430000000000000e+06
4.789922000000000000e+06
4.790875000000000000e+06
4.793026000000000000e+06
4.793276000000000000e+06
4.794021000000000000e+06
4.794176000000000000e+06
4.794614000000000000e+06
4.795953000000000000e+06
4.798588000000000000e+06
4.798854000000000000e+06
4.799182000000000000e+06
4.799419000000000000e+06
4.799793000000000000e+06
4.800943000000000000e+06
4.803088000000000000e+06
4.803222000000000000e+06
4.803726000000000000e+06
4.804270000000000000e+06
4.804390000000000000e+06
4.805735000000000000e+06
4.807838000000000000e+06
4.808393000000000000e+06
4.809048000000000000e+06
4.809518000000000000e+06
4.810839000000000000e+06
4.812837000000000000e+06
4.813129000000000000e+06
4.813574000000000000e+06
4.814204000000000000e+06
4.814464000000000000e+06
4.815282000000000000e+06
4.817540000000000000e+06
4.817807000000000000e+06
4.818261000000000000e+06
4.820163000000000000e+06
4.822165000000000000e+06
4.822780000000000000e+06
4.824276000000000000e+06
4.826602000000000000e+06
4.827189000000000000e+06
4.828774000000000000e+06
4.831102000000000000e+06
4.831390000000000000e+06
4.831927000000000000e+06
4.832412000000000000e+06
4.832629000000000000e+06
4.834054000000000000e+06
4.836070000000000000e+06
4.836288000000000000e+06
4.837757000000000000e+06
4.840183000000000000e+06
4.840438000000000000e+06
4.840989000000000000e+06
4.841572000000000000e+06
4.841770000000000000e+06
4.843311000000000000e+06
4.845410000000000000e+06
4.845655000000000000e+06
4.846298000000000000e+06
4.847633000000000000e+06
4.850105000000000000e+06
4.850416000000000000e+06
4.852061000000000000e+06
4.854073000000000000e+06
4.854355000000000000e+06
4.854659000000000000e+06
4.854862000000000000e+06
4.855328000000000000e+06
4.856265000000000000e+06
4.858276000000000000e+06
4.858968000000000000e+06
4.859589000000000000e+06
4.859884000000000000e+06
4.860608000000000000e+06
4.862713000000000000e+06
4.863074000000000000e+06
4.863513000000000000e+06
4.865279000000000000e+06
4.867401000000000000e+06
4.867830000000000000e+06
4.869635000000000000e+06
4.871744000000000000e+06
4.872208000000000000e+06
4.872678000000000000e+06
4.874017000000000000e+06
4.876056000000000000e+06
4.876364000000000000e+06
4.877838000000000000e+06
4.880056000000000000e+06
4.880279000000000000e+06
4.880604000000000000e+06
4.882328000000000000e+06
4.884415000000000000e+06
4.884815000000000000e+06
4.885966000000000000e+06
4.888259000000000000e+06
4.888566000000000000e+06
4.889924000000000000e+06
4.892134000000000000e+06
4.892640000000000000e+06
4.894457000000000000e+06
4.897102000000000000e+06
4.897396000000000000e+06
4.897814000000000000e+06
4.898791000000000000e+06
4.900914000000000000e+06
4.901096000000000000e+06
4.901676000000000000e+06
4.901899000000000000e+06
4.903441000000000000e+06
4.905570000000000000e+06
4.905868000000000000e+06
4.906329000000000000e+06
4.907382000000000000e+06
4.909570000000000000e+06
4.910093000000000000e+06
4.911234000000000000e+06
4.913523000000000000e+06
4.913915000000000000e+06
4.914582000000000000e+06
4.914815000000000000e+06
4.916429000000000000e+06
4.918828000000000000e+06
4.919232000000000000e+06
4.919598000000000000e+06
4.920033000000000000e+06
4.920990000000000000e+06
4.923296000000000000e+06
4.923571000000000000e+06
4.925391000000000000e+06
4.928186000000000000e+06
4.928550000000000000e+06
4.929197000000000000e+06
4.929496000000000000e+06
4.930257000000000000e+06
4.932405000000000000e+06
4.932648000000000000e+06
4.933228000000000000e+06
4.934731000000000000e+06
4.937030000000000000e+06
4.937262000000000000e+06
4.937961000000000000e+06
4.938444000000000000e+06
4.938623000000000000e+06
4.939497000000000000e+06
4.941561000000000000e+06
4.941844000000000000e+06
4.942296000000000000e+06
4.943622000000000000e+06
4.946154000000000000e+06
4.946731000000000000e+06
4.948122000000000000e+06
4.950717000000000000e+06
4.951048000000000000e+06
4.951342000000000000e+06
4.951628000000000000e+06
4.951990000000000000e+06
4.953058000000000000e+06
4.955154000000000000e+06
4.955320000000000000e+06
4.955875000000000000e+06
4.956409000000000000e+06
4.958076000000000000e+06
4.960154000000000000e+06
4.960430000000000000e+06
4.960749000000000000e+06
4.961033000000000000e+06
4.962447000000000000e+06
4.964747000000000000e+06
4.965551000000000000e+06
4.967070000000000000e+06
4.969247000000000000e+06
4.969416000000000000e+06
4.970169000000000000e+06
4.970291000000000000e+06
4.971973000000000000e+06
4.974028000000000000e+06
4.974420000000000000e+06
4.975541000000000000e+06
4.977606000000000000e+06
4.977841000000000000e+06
4.978324000000000000e+06
4.979697000000000000e+06
4.981840000000000000e+06
4.982273000000000000e+06
4.983693000000000000e+06
4.986152000000000000e+06
4.986331000000000000e+06
4.986935000000000000e+06
4.987264000000000000e+06
4.988329000000000000e+06
4.990933000000000000e+06
4.991427000000000000e+06
4.993464000000000000e+06
4.995496000000000000e+06
4.996070000000000000e+06
4.998186000000000000e+06
5.000277000000000000e+06
5.000704000000000000e+06
5.002275000000000000e+06
5.004776000000000000e+06
5.005559000000000000e+06
5.007741000000000000e+06
5.009901000000000000e+06
5.010149000000000000e+06
5.010921000000000000e+06
5.011047000000000000e+06
5.012825000000000000e+06
5.014932000000000000e+06
5.015099000000000000e+06
5.015621000000000000e+06
5.015774000000000000e+06
5.016145000000000000e+06
5.017334000000000000e+06
5.019682000000000000e+06
5.019942000000000000e+06
5.020426000000000000e+06
5.020755000000000000e+06
5.022665000000000000e+06
5.024744000000000000e+06
5.025089000000000000e+06
5.025689000000000000e+06
5.025993000000000000e+06
5.026830000000000000e+06
5.028869000000000000e+06
5.029135000000000000e+06
5.029700000000000000e+06
5.029933000000000000e+06
5.031685000000000000e+06
5.034103000000000000e+06
5.034366000000000000e+06
5.036096000000000000e+06
5.038650000000000000e+06
5.038864000000000000e+06
5.039335000000000000e+06
5.039718000000000000e+06
5.040681000000000000e+06
5.042712000000000000e+06
5.043233000000000000e+06
5.043648000000000000e+06
5.043965000000000000e+06
5.044423000000000000e+06
5.045650000000000000e+06
5.047712000000000000e+06
5.047993000000000000e+06
5.048491000000000000e+06
5.049882000000000000e+06
5.052086000000000000e+06
5.052525000000000000e+06
5.053113000000000000e+06
5.053280000000000000e+06
5.054158000000000000e+06
5.056180000000000000e+06
5.056342000000000000e+06
5.056885000000000000e+06
5.057127000000000000e+06
5.058324000000000000e+06
5.060539000000000000e+06
5.060786000000000000e+06
5.061434000000000000e+06
5.062588000000000000e+06
5.064914000000000000e+06
5.065201000000000000e+06
5.065505000000000000e+06
5.067008000000000000e+06
5.069242000000000000e+06
5.070246000000000000e+06
5.072582000000000000e+06
5.074991000000000000e+06
5.075176000000000000e+06
5.075774000000000000e+06
5.075953000000000000e+06
5.077342000000000000e+06
5.079351000000000000e+06
5.079568000000000000e+06
5.080091000000000000e+06
5.081627000000000000e+06
5.083663000000000000e+06
5.083843000000000000e+06
5.084475000000000000e+06
5.084675000000000000e+06
5.086102000000000000e+06
5.088225000000000000e+06
5.088551000000000000e+06
5.088861000000000000e+06
5.089120000000000000e+06
5.089542000000000000e+06
5.090506000000000000e+06
5.092678000000000000e+06
5.093091000000000000e+06
5.094289000000000000e+06
5.096428000000000000e+06
5.096726000000000000e+06
5.097129000000000000e+06
5.098692000000000000e+06
5.100928000000000000e+06
5.101263000000000000e+06
5.101792000000000000e+06
5.102106000000000000e+06
5.102453000000000000e+06
5.103501000000000000e+06
5.105853000000000000e+06
5.106060000000000000e+06
5.107268000000000000e+06
5.107649000000000000e+06
5.108780000000000000e+06
5.111040000000000000e+06
5.111461000000000000e+06
5.112275000000000000e+06
5.112517000000000000e+06
5.113467000000000000e+06
5.116040000000000000e+06
5.116227000000000000e+06
5.117788000000000000e+06
5.119790000000000000e+06
5.120545000000000000e+06
5.122165000000000000e+06
5.124290000000000000e+06
5.124871000000000000e+06
5.126266000000000000e+06
5.128477000000000000e+06
5.128767000000000000e+06
5.129065000000000000e+06
5.129609000000000000e+06
5.129688000000000000e+06
5.130500000000000000e+06
5.132578000000000000e+06
5.133361000000000000e+06
5.134907000000000000e+06
5.137641000000000000e+06
5.137912000000000000e+06
5.138352000000000000e+06
5.138699000000000000e+06
5.139515000000000000e+06
5.140577000000000000e+06
5.143015000000000000e+06
5.143257000000000000e+06
5.144736000000000000e+06
5.147343000000000000e+06
5.147939000000000000e+06
5.149810000000000000e+06
5.152343000000000000e+06
5.152681000000000000e+06
5.154302000000000000e+06
5.156593000000000000e+06
5.157240000000000000e+06
5.158255000000000000e+06
5.160342000000000000e+06
5.160530000000000000e+06
5.160980000000000000e+06
5.162889000000000000e+06
5.164967000000000000e+06
5.165263000000000000e+06
5.165655000000000000e+06
5.166872000000000000e+06
5.168873000000000000e+06
5.169356000000000000e+06
5.170892000000000000e+06
5.172936000000000000e+06
5.173271000000000000e+06
5.174869000000000000e+06
