793479720606
793482539952
793482658931
793587093393
793587190478
793587237296
793587270538
793587471881
793592490626
793592708443
793593024481
793593240967
793594258179
793594475296
793594791593
793595007692
793595324950
793595541252
793595858321
793596074962
793597092211
793597308150
793597625514
793597841540
793598158644
793598374983
793598692263
793598908259
793599225676
793599442239
793600459083
793600675669
793600992811
793601209334
793602226182
793602442333
793602759469
793602975778
793603292915
793603508913
793603826224
793604043823
793604359867
793604576328
793605593638
793605810007
793606127235
793606343524
793606660502
793606876761
793607194192
793607410229
793607727539
793607944077
793608960081
793609177440
793609493666
793609710158
793610727518
793610944691
793611260818
793611477073
793611794498
793612010827
793613028070
793613244258
793613561494
793613777736
793614095081
793614311565
793615328340
793615544510
793615861409
793616078944
793617095068
793617312471
793617628681
793617844725
793618161925
793618378562
793619396000
793619612815
793619929129
793620144532
793621162864
793621378995
793621696392
793621912448
793622229864
793622446606
793622762465
793622979085
793623996510
793624212583
793624529924
793624746160
793625063425
793625280143
793626296269
793626513515
793626829688
793627047419
793628064209
793628280458
793628596547
793628813618
793629130830
793629347195
793629664499
793629880483
793630197797
793630414389
793631430634
793631647841
793631963967
793632181346
793632497368
793632713855
793633730939
793633947910
793634265149
793634481420
793634798752
793635014770
793635332036
793635548279
793635865583
793636081823
793637099026
793637315156
793637632489
793637848854
793638864956
793639082110
793639398473
793639616111
793640632147
793640849471
793641165559
793641382099
793642399218
793642615469
793642932794
793643149233
793644166287
793644382654
793644699861
793644915930
793645233208
793645449420
793645766547
793645983162
793647000424
793647216544
793647533918
793647750073
793648067235
793648283104
793648600640
793648817253
793649833464
793650050461
793650367445
793650583614
793650900829
793651116996
793651434417
793651650810
793652668147
793652884249
793653200975
793653418285
793653734389
793653951628
793654267897
793654485016
793654801374
793655017927
793656035266
793656251456
793656568546
793656785432
793657101554
793657318866
793657635192
793657852471
793658168590
793658385042
793659401365
793659618885
793659935241
793660152903
793660469007
793660685229
793661002542
793661218957
793662236263
793662452498
793662769796
793662983921
793664002808
793664219917
793664535900
793664753386
793665069288
793665285995
793665603406
793665819461
793666136998
793666353413
793667369459
793667586776
793667904032
793668120537
793669136701
793669353977
793669670130
793669887510
793670203615
793670420154
793671437427
793671653525
793671970742
793672187367
793673204708
793673420751
793673737905
793673954247
793674271486
793674487894
793675505148
793675721113
793676038251
793676254902
793677272090
793677488388
793677805287
793678022163
793679038491
793679255579
793679571528
793679788356
793680805490
793681022851
793681339051
793681555723
793682572858
793682789087
793683106475
793683322957
793684339275
793684556279
793684872367
793685090124
793686106231
793686323484
793686639551
793686857102
793687173236
793687389681
793688407065
793688623264
793688940280
793689156922
793690174166
793690390281
793690707784
793690924173
793691940575
793692157927
793692473865
793692691389
793693007507
793693224570
793693541459
793693758363
793694774349
793694991637
793695307742
793695524958
793695841079
793696058238
793696374218
793696591887
793696907926
793697124365
793698141648
793698357882
793698675186
793698892526
793699208455
793699425402
793699741544
793699959254
793700975356
793701192619
793701508819
793701726121
793702042319
793702258849
793703276061
793703492236
793703809577
793704026136
793705043298
793705259571
793705576700
793705792961
793706110103
793706326356
793706643694
793706859612
793707177025
793707393571
793708409532
793708626808
793708943002
793709160337
793709476349
793709693741
793710009881
793710226897
793710544298
793710760851
793711777508
793711993687
793712310975
793712527159
793712844254
793713060145
793713377639
793713594269
793714611674
793714827794
793715144864
793715361235
793716378484
793716594558
793716911738
793717127959
793717445372
793717661489
793717978593
793718195237
793719211392
793719428600
793719744832
793719961552
793720978866
793721196070
793721512380
793721728372
793722045481
793722262063
793723279421
793723495479
793723812519
793724028830
793724346136
793724563446
793724879481
793725095576
793725412901
793725629507
793726646703
793726862849
793727179899
793727396067
793727713469
793727929662
793728247123
793728463716
793729480483
793729696465
793730013918
793730230172
793731247594
793731463653
793731780930
793731997401
793733013644
793733230801
793733547133
793733764284
793734080487
793734297721
793734614442
793734830445
793735147468
793735365064
793736380929
793736598297
793736914365
793737131580
793737447721
793737665089
793737981180
793738198236
793739215487
793739431449
793739748923
793739965220
793740282450
793740498530
793740815973
793741031985
793741349264
793741565886
793742581754
793742799032
793743115326
793743332960
793744349287
793744566525
793744882602
793745099821
793746115707
793746333080
793746649378
793746866691
793747182745
793747400093
793747716275
793747932745
793748950504
793749166567
793749483919
793749700375
793750716547
793750933611
793751249928
793751467550
793752483578
793752700290
793753017634
793753234165
793754250488
793754467639
793754783757
793755001106
793755317278
793755534952
793756551083
793756768216
793757084379
793757302067
793758318126
793758535425
793758851618
793759066694
793760085302
793760302594
793760618802
793760834894
793761152326
793761368342
793761685724
793761901919
793762219188
793762435632
793763452884
793763668833
793763985947
793764202432
793764519562
793764735707
793765052962
793765269515
793766286683
793766502899
793766820077
793767036115
793767353619
793767569711
793767886942
793768103487
793769120153
793769336216
793769653508
793769870041
793770887248
793771103481
793771421068
793771636928
793771954443
793772171163
793773187305
793773404575
793773720776
793773937461
793774254710
793774470800
793774788162
793775004704
793776020828
793776238121
793776554335
793776771589
793777087625
793777304895
793777621119
793777838650
793778154654
793778371269
793779388533
793779604639
793779921981
793780138015
793780455427
793780671995
793781689246
793781905477
793782221702
793782438654
793783455943
793783672118
793783989274
793784205484
793784522798
793784738714
793785056072
793785272646
793786289912
793786505943
793786823133
793787039395
793787356781
793787572869
793787890151
793788106735
793789122735
793789339903
793789656119
793789873406
793790190594
793790406562
793790723156
793790940163
793791257473
793791474008
793792490104
793792707298
793793023506
793793240716
793793556842
793793774501
793794790669
793795007897
793795323813
793795541483
793795857550
793796074764
793796390886
793796608348
793796924372
793797140729
793798158042
793798375066
793798691538
793798907613
793799225064
793799441034
793799758360
793799975691
793800291730
793800508174
793801525591
793801741387
793802059047
793802275114
793802592266
793802808462
793803125184
793803342900
793804358920
793804576355
793804892290
793805108915
793806126174
793806342317
793806659479
793806875684
793807192845
793807409788
793807726182
793807942676
793808959565
793809176771
793809492939
793809710201
793810026256
793810243454
793810559721
793810777081
793811093048
793811309894
793812327138
793812543814
793812859896
793813077708
793813393832
793813610399
793814627547
793814843699
793815161050
793815377492
793816394860
793816610944
793816928240
793817144238
793817461478
793817677439
793817994752
793818211128
793819228471
793819444565
793819761897
793819977992
793820295263
793820511541
793820828646
793821044594
793822061918
793822278276
793822595549
793822812000
793823829280
793824045492
793824362568
793824578543
793824896151
793825110893
793825429716
793825646024
793825962072
793826179843
793827195986
793827413232
793827729289
793827946600
793828262665
793828479869
793828796056
793829012602
793830030025
793830246159
793830563404
793830780339
793831096571
793831313154
793832330551
793832546644
793832863824
793833080132
793834097287
793834313647
793834630977
793834847493
793835864856
793836080871
793836397012
793836614772
793837630727
793837847973
793838164261
793838381283
793838697514
793838914740
793839231115
793839448252
793839764459
793839982051
793840998095
793841215310
793841531579
793841748055
793842765441
793842981507
793843298796
793843515979
793843832103
793844049477
793844365612
793844582853
793844899058
793845115575
793846132847
793846348897
793846666402
793846882489
793847199827
793847416474
793848432811
793848650089
793848966324
793849182745
793850200022
793850416086
793850733480
793850949673
793851266988
793851483494
793852500530
793852716775
793853034082
793853250509
793854266792
793854483949
793854799957
793855017534
793855333609
793855550983
793855867208
793856083674
793857100873
793857318100
793857634402
793857851589
793858167528
793858385173
793858701493
793858918043
793859934259
793860151752
793860468861
793860685292
793861701343
793861918170
793862235494
793862451981
793863469262
793863685421
793864002606
793864218819
793864536198
793864752251
793865069483
793865285588
793865602907
793865819472
793866835798
793867052983
793867369022
793867586405
793867902547
793868119838
793868436090
793868652408
793869669193
793869886573
793870202838
793870420042
793870736113
793870953417
793871269608
793871486860
793871802886
793872020711
793873036908
793873254051
793873570275
793873786761
793874804114
793875020510
793875337095
793875554465
793875870628
793876088009
793876404076
793876621486
793876937545
793877154035
793878171131
793878387495
793878704277
793878921528
793879237755
793879454919
793879770970
793879988682
793881004635
793881222245
793881538597
793881754538
793882071821
793882288529
793883305127
793883522317
793883838518
793884055706
793884371886
793884585811
793884905692
793885122460
793886139589
793886355714
793886672417
793886889492
793887205562
793887422860
793887738995
793887956267
793888272505
793888489036
793889506449
793889722698
793890040154
793890256076
793890573475
793890790071
793891806680
793892023487
793892339561
793892556851
793892872938
793893090506
793893406482
793893623802
793893939951
793894156518
793895173752
793895390520
793895707648
793895924201
793896940500
793897157706
793897473762
793897691073
793898008270
793898224385
793898541770
793898757747
793899075124
793899291602
793900307738
793900524954
793900841312
793901058574
793901374722
793901591901
793901908094
793902124587
793903142338
793903358344
793903675706
793903892514
793904208469
793904425661
793904741812
793904958311
793905975655
793906191977
793906509033
793906726308
793907042525
793907258518
793907575562
793907792930
793908108914
793908326788
793909342850
793909560148
793909876331
793910092845
793911110099
793911326749
793911642917
793911859525
793912876882
793913092898
793913410212
793913626796
793914642964
793914860494
793915176659
793915393896
793915710028
793915927312
793916243382
793916460878
793916776969
793916993544
793918011461
793918228082
793918544200
793918761543
793919077724
793919294821
793919610996
793919827737
793920845033
793921060947
793921378030
793921594876
793922612028
793922828316
793923145466
793923362058
793923677972
793923895354
793924211472
793924429074
793924745348
793924961844
793925979390
793926195520
793926512759
793926728711
793927044889
793927262136
793927579497
793927795930
793928812294
793929029589
793929345816
793929562993
793929879253
793930095729
793931112790
793931330467
793931646605
793931862961
793932880285
793933096377
793933413209
793933629766
793933947093
793934163105
793934480434
793934696800
793935714214
793935930539
793936247599
793936463676
793936780960
793936997138
793937314499
793937530996
793938547082
793938764176
793939081611
793939298142
793940314351
793940531510
793940847785
793941065267
793942081426
793942298749
793942614875
793942832098
793943148312
793943364890
793944382162
793944598007
793944915537
793945131621
793945448808
793945665325
793946682689
793946898722
793947216017
793947432066
793947749455
793947965514
793948282757
793948499219
793949516471
793949732580
793950049326
793950266690
793950582741
793950799655
793951116973
793951333273
793951649512
793951866045
793952883480
793953099492
793953416781
793953632936
793953950183
793954166368
793954483659
793954699781
793955016985
793955233532
793956250883
793956466935
793956784158
793957000470
793957317592
793957533556
793957851047
793958067097
793958384456
793958600867
793959618202
793959834294
793960151603
793960367789
793960685101
793960901178
793961918303
793962134394
793962451767
793962667938
793962985144
793963201282
793963518638
793963734751
793964052067
793964268455
793965285636
793965501892
793965818873
793966034930
793966352286
793966568548
793966885679
793967102237
793968119581
793968335780
793968653062
793968868836
