5622710488
5625133507
5625193308
5634110669
5634215530
5634264191
5634297420
5634348546
5637548770
5638780186
5638816706
5640905210
5640939828
5643215956
5643251005
5645466551
5645502096
5647696087
5647731024
5650139398
5650174356
5652512000
5652546531
5655010837
5655046174
5657077830
5657112834
5659294819
5659329910
5661607735
5661642728
5663898804
5663933827
5666400980
5666436379
5668376858
5668411963
5670726275
5670761271
5673148772
5673183780
5675487895
5675522911
5677553934
5677590153
5679750736
5679785734
5682540430
5682575817
5684683898
5684718890
5686917396
5686952386
5688975981
5689011107
5691255729
5691290731
5693412756
5693448124
5695661952
5695696973
5698046163
5698081175
5700849817
5700884795
5702780005
5702815038
5705276489
5705311457
5707508460
5707543385
5709744056
5709779034
5712152225
5712187299
5714136004
5714171300
5716264421
5716299433
5718698247
5718733404
5721012307
5721047358
5723242774
5723277815
5725683326
5725718745
5728150765
5728185783
5730383092
5730418191
5733001578
5733036572
5735698330
5735733342
5737964738
5737999854
5740177036
5740212451
5743024189
5743060027
5745610263
5745645358
5747710337
5747745703
5749711037
5749746450
5752133227
5752168329
5754339838
5754374804
5756560633
5756595647
5758980857
5759016503
5761371930
5761406871
5763557115
5763592128
5765806085
5765841469
5767870099
5767905044
5770373775
5770408746
5772873513
5772908905
5774965171
5775000277
5777428532
5777463511
5779650143
5779685526
5781744901
5781779943
5784085842
5784121541
5786461842
5786497016
5788650720
5788685728
5791013352
5791048381
5793793632
5793828648
5796040489
5796076002
5798414158
5798449213
5800912665
5800947474
5803269443
5803304554
5805578489
5805613465
5807798585
5807833966
5810046836
5810081813
5812534831
5812569845
5814587713
5814622701
5817199786
5817234817
5819555288
5819590696
5821533586
5821568707
5823640473
5823675409
5825856344
5825891366
5828197557
5828232614
5830366685
5830401789
5832528485
5832563573
5834530012
5834565395
5836704375
5836739425
5838626939
5838662023
5840570587
5840605542
5843053211
5843088240
5844960203
5844995605
5847288618
5847323701
5849287437
5849322420
5851257216
5851292304
5853913432
5853948407
5856142883
5856178305
5858595242
5858630373
5860698961
5860733976
5863015113
5863050126
5865275270
5865310241
5867571467
5867606640
5869857220
5869892187
5872077650
5872113346
5874574571
5874609563
5876879254
5876914217
5879124531
5879159541
5881507971
5881542573
5883302408
5883337819
5885419160
5885454248
5887577727
5887612665
5889960824
5889996108
5892249267
5892284572
5894643604
5894678614
5896889669
5896924740
5899450083
5899485331
5901960468
5901995503
5904341346
5904376329
5906871090
5906906058
5908938248
5908973216
5911547490
5911582664
5913825502
5913860532
5915860504
5915895869
5918355776
5918390813
5920546663
5920581743
5922590054
5922625108
5924771187
5924805868
5926962078
5926997567
5929127219
5929162218
5932003140
5932038226
5934178420
5934213517
5936336436
5936371562
5938616306
5938651708
5940845999
5940881000
5942721459
5942756446
5944967908
5945002926
5947433893
5947468942
5950020576
5950056331
5952522821
5952557811
5954403150
5954438588
5956648859
5956683845
5958744828
5958779928
5960797747
5960832792
5963322156
5963356703
5966017524
5966053244
5968170929
5968206290
5970673712
5970709064
5972802843
5972837895
5974670726
5974705772
5976989032
5977024041
5978940022
5978975096
5980976807
5981012189
5983275166
